0.0801413
-0.0382996
0.135741
-0.0715703
0.0546243
0.141397
0.00742682
-0.0759926
0.060265
0.0548466
0.0276583
-0.0357394
0.0921082
0.0257037
0.118969
-0.0542104
0.186442
-0.181286
0.0869661
-0.128435
0.127409
-0.136028
0.179937
-0.108142
0.138772
-0.0619348
-0.00570025
-0.129622
-0.0107517
-0.153075
0.0850059
-0.0653102
0.0936347
-0.00851494
0.0533127
-0.0421108
0.19582
-0.131468
0.185866
0.0622982
0.0693635
-0.132512
0.0524372
-0.0868881
0.0704717
-0.0760027
0.137732
-0.0375646
0.183195
-0.0412786
0.0715896
-0.0998144
-0.0847799
-0.159082
0.142818
-0.138122
0.120639
-0.154031
0.152285
-0.0834758
0.109465
0.000301055
0.072351
-0.090848
0.088718
0.0475622
0.15279
-0.0754425
-0.0374487
-0.0788432
0.0582335
-0.125557
0.0424497
0.0614308
0.0707053
-0.106615
0.0825121
-0.138656
-0.0645943
-0.122963
0.0273226
-0.0770657
0.0632204
0.0683855
0.17075
0.0601975
0.169004
0.0348666
0.160615
0.0446927
0.07624
-0.0223645
0.100137
0.00549978
0.138946
-0.0425202
0.01743
-0.00192316
-0.102212
0.184238
-0.0766938
0.184482
0.152864
0.126141
0.0184374
0.0888461
0.0803667
0.168716
0.0212874
-0.0322688
0.000338027
0.036893
0.0140117
0.0115523
0.066199
0.145904
0.118276
0.180717
-0.0448043
0.158647
0.0722308
0.0408609
-0.00989819
0.13795
-0.0443055
0.0496156
-0.00341967
0.208667
-0.0139345
0.226271
0.0536762
0.148764
-0.0482432
0.0329306
-0.0111505
0.0108684
-0.0966175
0.138906
0.154488
0.0928806
-0.0662378
0.219869
0.029588
0.183106
0.143314
0.15675
0.0835269
0.205616
0.0308729
0.205633
0.0244032
0.187918
0.172569
0.0686981
0.161149
0.214495
0.178728
0.0623684
0.137167
0.000760517
0.184283
0.196503
-0.14336
0.0151448
-0.0809788
-0.0260605
-0.131313
-0.0635376
0.178195
0.0984715
-0.124433
0.149316
-0.0519839
0.129251
0.0294642
0.127134
-0.0852298
0.154885
0.139268
0.0380296
-0.0416841
0.061226
-0.0995729
0.0243901
-0.118004
0.0261882
-0.11694
-0.094627
-0.144022
-0.00930614
-0.0499873
0.0747022
-0.0140044
0.0952871
-0.138332
0.137641
-0.0749619
0.142423
-0.0500779
0.139163
-0.0646722
0.0306637
-0.119504
0.193737
-0.135176
0.173823
-0.153066
0.153407
0.026465
0.052266
-0.115975
0.152405
-0.0164353
0.0854593
-0.0806365
0.0274299
-0.083734
0.0802885
-0.0811272
0.0126605
-0.154579
0.0519232
-0.086399
0.0529421
-0.0109658
0.0307019
-0.0726938
0.0636623
-0.0804826
0.0595918
0.142015
0.216135
-0.110768
0.18068
0.0391237
0.0534328
0.075421
0.187728
0.131214
0.187669
0.0339144
0.188473
0.0317427
0.209952
0.0320311
0.203468
0.0475465
0.169868
0.0438347
-0.0710319
0.0578966
0.00490735
0.0127722
0.0522419
0.0217356
0.189474
0.142012
0.18023
0.213627
0.152015
0.0429508
0.0210206
0.0369251
-0.0114484
0.0278951
0.0408996
0.087442
0.134098
0.171896
0.210576
0.0961419
0.111952
0.191578
0.168274
0.182499
0.184063
0.151929
0.0419087
0.0236441
0.0325027
0.00940271
0.00797496
0.0478115
0.152737
0.11062
0.127915
0.207771
0.149008
0.177689
0.135544
0.134936
0.151535
0.174019
0.141306
0.161855
0.00124796
-0.0326101
-0.0121588
0.0371947
-0.0097438
0.0467434
0.201267
0.222516
0.162734
0.114966
0.10745
-0.0764512
-0.00421083
0.0470646
-0.00515981
0.00633889
0.200046
0.142306
0.0652147
0.0526352
0.0267115
0.133899
0.201984
0.207167
0.219818
0.223524
0.204368
0.136586
0.0735588
0.0617455
0.0137838
-0.0142553
0.0115297
0.216977
0.183727
0.202542
0.22544
0.21836
0.229615
0.202704
0.0711243
0.00563025
0.0435011
0.0135567
0.0275761
0.216864
0.197257
0.160139
0.22153
0.0715875
0.172455
0.222215
0.228618
0.204491
0.198198