0.127481
0.175843
0.154667
0.246707
0.236349
0.118856
0.245327
0.21595
0.187991
0.18879
0.110928
0.271728
0.0911182
0.142322
0.222903
0.238916
0.228559
0.109035
0.167617
0.158767
0.149165
0.115379
0.260789
0.259021
0.230158
0.240583
0.262584
0.262999
0.247406
0.276067
0.151217
0.225471
0.0784605
0.112134
0.25217
0.275256
0.0725195
0.242219
0.163074
0.225305
0.233684
0.275622
0.144308
0.10267
0.183686
0.161192
0.0461721
0.145924
0.201833
0.0498632
0.133126
0.216015
0.214109
0.126272
0.0486856
0.0859166
0.274634
0.226345
0.180564
0.171305
0.00855769
0.0885741
0.105934
0.100183
0.169919
0.112074
0.105378
0.095418
0.0813643
0.00823366
0.0342084
0.201997
0.232466
0.187077
0.218452
0.202681
0.254793
0.0801147
0.207365
0.182402
0.203335
0.224982
0.147176
-0.00611583
0.208042
0.155882
0.14601
0.263568
0.11692
0.0999719
0.202885
0.0457087
0.189598
0.191421
0.204217
0.116157
0.072566
0.153166
0.0865936
0.0465505
0.140801
0.000352999
-0.009241
0.0613904
-0.117467
-0.23975
-0.164357
0.0238632
0.00584094
-0.021869
-0.0306312
-0.0177608
0.154987
0.218632
0.20322
0.155053
0.142691
0.0672987
0.210607
0.234855
0.132143
0.26098
0.214493
0.248818
0.162989
0.275263
0.0782007
0.00103889
0.0162333
0.0981324
-0.0457498
0.212996
0.0927386
0.225447
0.0912381
0.162578
0.25032
0.17171
0.220695
0.213061
0.0773501
0.0497079
0.220026
0.140773
0.0475574
0.164159
0.261501
0.192821
0.247607
0.141734
0.118078
0.136778
0.254302
0.228891
0.24249
0.23516
0.168831
0.203911
0.125352
0.199805
-0.0110778
-0.056337
-0.182694
0.116515
0.0787202
0.033175
0.0424592
-0.00583653
0.0888699
0.0709145
-0.177717
-0.174432
0.0642441
-0.146936
-0.0394937
0.157414
0.148675
0.154063
0.158449
-0.00822367
0.111476
0.0984952
0.0651205
-0.116197
-0.126438
-0.12317
0.216225
-0.0320371
-0.101381
0.0745494
0.0240027
0.00569697
-0.0125394
-0.00561142
0.0207345
-0.00402381
0.110616
0.0897878
0.0780037
0.0689297
-0.141981
0.0488369
0.0250042
0.114887
0.0604713
0.0609454
-0.159424
0.0638253
0.00204548
0.0682565
0.0535203
0.0384295
0.0475045