-0.127695
-0.105669
-0.178051
-0.137009
-0.125759
-0.190035
0.0507662
0.0324294
0.00911727
-0.0114046
-0.0512452
-0.0176361
0.0270021
0.00141148
0.105485
0.0353508
0.0351139
0.025306
-0.00404474
0.0331843
0.00994317
0.0518626
-0.0481056
-0.0190769
0.0798799
-0.0203504
-0.0114628
-0.00629158
-0.0391687
-0.0872129
9.48E-05
0.014913
0.000614818
-0.0374726
-0.0604645
-0.0186969
2.37E-05
0.0439431
-0.0181833
-0.0169458
0.0633991
0.0102226
0.0824014
-0.018498
0.00314354
0.00426419
-0.0345158
-0.0371627
-0.0190158
0.0713983
0.0439851
-0.0383247
-0.0254855
-0.0792616
0.0290374
-0.0182428
-0.0229456
0.00817524
0.0213995
0.0392716
-0.0267469
-0.0348823
0.0236923
0.0487284
-0.0406208
0.0689496
-0.0301193
-0.00374341
0.016548
0.0161417
0.0270156
-0.0642563
0.0212983
0.0317821
0.0269625
0.0617656
0.0706174
-0.0502039
0.0210265
0.0420424
-0.0495655
0.031323
0.0344941
0.0981544
-0.051284
0.00369036
0.0181655
-0.0360475
-0.0781496
-0.0297073
-0.0022834
-0.00480857
0.0174273
0.0535674
0.0192931
-0.108469
0.0313143
0.0585521
0.0311086
0.0411636
0.0442994
0.0836453
0.0443266
0.0571126
-0.00258862
0.022951
-0.0664216
0.0541036
-0.00327427
0.00231437
0.0794381
-0.0943066
-0.0146122
0.00115113
-0.0787541
0.0317411
-0.0016239
0.029393
-0.00646907
0.041272
-0.0116325
0.0329731
0.0806547
0.0597057
-0.0311266
0.044786
0.0786062
-0.0730424
0.0351978
0.0774656
0.0614487
0.00952917
-0.0137867
0.0160282
0.0134682
-0.0297667
0.0421681
-0.0262948
-0.000452218
0.0490409
-0.00119539
-0.00185418
-0.0492349
0.00471837
0.0309738
0.00847089
0.0230523
0.0721089