0.119194
0.0812106
0.009727
0.0374409
0.00395485
0.0338342
-0.0554996
-0.0678068
0.0252848
0.0285657
0.0294009
0.0600974
0.0973629
-0.0597939
0.0553661
0.0464821
0.0852645
-0.0489104
0.0560039
0.0566695
0.0840092
-0.0401243
0.0168213
0.047166
0.0239615
0.006249
0.0539288
0.0718594
-0.0431429
-0.0196321
0.00565842
0.0476252
0.0932686
0.10863
0.0948431
0.11052
0.114644
0.0802141
0.0823919
0.079273
0.073638
0.0868547
-0.048667
0.0847208
0.0952252
0.04752
0.0161555
-0.0411251
0.0625138
0.0505955
0.103143
0.0513168
0.00618747
0.0746069
0.0187608
0.078663
0.041031
0.0185318
0.0277094
0.105638
0.0222723
0.106759
0.071813
0.0428545
0.0494546
-0.0086398
0.0175158
0.0949558
0.0902429
0.0481545
0.0841951
-0.0207007
0.0581227
0.0220111
-0.0262569
0.0481162
0.0250931
0.107008
-0.0349208
0.0651076
0.0632413
0.0453447
0.0353462
0.0954233
0.0487884
-0.0445915
-0.00504337
-0.0216977
0.0912253
0.0601186
0.085948
0.053156
0.0581746
0.0260352
0.0771164
-0.0229635
0.0463879
0.0400805
-0.00713075
0.0855996
-0.0604428
-0.0462596
-0.0144864
0.0116453
0.0835152
0.0334288
0.0353144
0.0907293
0.0452732
-0.0359328
0.0692986
0.0314284
-0.0632389
0.105749
0.0822397
0.0845454
0.0655808
-0.0351289
0.0573534
0.0363094
-0.0490754
0.0654125
0.0288818
0.0385921
0.0277864
0.022463
0.0479845
0.024152
0.0652666
-0.0285886
0.0561488
-0.00461083
0.09012
0.00540401
0.034218
0.00689866
0.0681608
0.0446531
0.0888315
0.012389
0.0647961
0.119453
-0.0238724
0.0819341
0.0644563
0.00260196
0.00141113
0.0498265
-0.00522664
0.0142286
-0.00329836
0.120804
0.0765437
0.0953614
0.0543368
0.00101947
0.0535338
0.0835769
-0.0117423
0.0868964
0.153485
0.0524602
0.0470923
0.0489517
0.00213641
0.0432123
0.102139
-9.45E-05
0.0951932
0.0927653
0.0784387
0.0135271
0.0453444
0.0875359
0.114006
0.0863554
0.0601649
-0.00855388
0.135544
0.111385
0.071206
0.120164
-0.0189291
0.0199454
0.151887
0.0190379
0.0885064
-0.026466
0.0755725
0.0283566
-0.0481861
0.0115725
0.0712894
0.0315682
0.072855
0.0307266
-0.00793403
0.0904734
0.0388499
0.0975846
0.0369895
0.062132
0.0133694
0.0291483
0.0103853
0.0351026
0.0736073
0.04881
-0.00821163
0.0462613
0.0594881
0.0610331
-0.00563982
0.0899362
0.0486602
0.0655093
0.0160832
0.00632363
0.111389
0.107037
0.00906652
-0.054322
0.0478814
0.0416218
0.000238133
0.0992436
0.0607358
0.0648167
0.0652852
0.0683893
0.0474516
0.0296572
0.0169188
0.0301043
0.0647555
0.0913786
0.0523801
-0.00707839
-0.0291285
0.081288
0.0683202
0.0792419
-0.0234412
0.095753
-0.0148403
0.0713301
0.0519762
0.0245743
-0.000512343
0.100546
0.0560947
0.0631844
0.102388
0.0573465
0.106435
0.0626372
0.0171826
0.00112836
-0.0231249
0.00653819
-0.00518248
-0.0320842
0.0971089
0.0652501
0.087319
-0.0079855
0.066437
0.023167
0.0969358
0.10417
0.0584574
0.0223575
0.101868
0.0609563
0.0591083
0.0230241
0.0868191
0.0785471
0.0104907
0.0859153
0.0308174
0.0582744
0.0609525
0.0443539
0.132373
0.0813195
-0.0353756
0.0561543
-0.0484922
-0.0159884
0.119907
0.083437
0.0749568
0.0289373
-0.113215
0.101394
-0.0027668
0.0671548
0.0580349
0.0539421
0.131262
0.109864
0.112273
0.011519
0.121777
0.0468545
0.0111235
0.0431798
0.100064
0.051689
0.0870401
0.0681749
0.114719
0.0458967
0.0269968
0.0587578
-0.00576189
0.0932958
-0.0470307
0.0744612
0.0169479
0.0226875
0.0592989
0.0432361
0.104301
0.0818153
0.0646921
-0.00609569
0.0453285
0.0200107
0.0323901
-0.029782
0.0213188
0.108979
0.0672601
0.0187034
0.0311892
0.0591275
0.0499711
0.102164
-0.0684497
-0.0696304
-0.011809
0.0790887
0.0623161
-0.00461791
-0.027047
-0.00980475
0.0485453
-0.0113502
0.0284752
-0.0269764
-0.0385143
-0.0332976
0.122256
0.0560746
0.0261828
-0.0303287
-0.0427933
0.0680996
-0.000725207
0.0564524
0.055733
0.0633345
-0.00800525
0.00815456
0.0850657
0.048249
0.0705544
-0.00771367
0.0421782
0.0134394
0.0447779
-0.0131785
-0.0107832
0.0761891
0.0254489
0.0936083
0.0814108
0.0894456
0.0855521
0.0417198
0.0305956
0.110952
0.145855
0.0881242
0.13727
0.0784263
0.026284
0.095923
0.0505999
0.127221
0.0423138
0.0399126
0.0999581
0.111305
0.00866725
0.0675785
-0.0185061
-0.0388837
0.0815033
-0.00200619
-0.0181924
-0.0214589
-0.0600083
-0.0537765
0.00326079
-0.00734339
-0.0652435
0.0460287
0.0172456
0.0714661
0.0747416
0.0166506
0.110071
-0.00101695
0.041041
0.134789
0.0638544
0.0684967
0.0467612
0.0152254
0.0158958
0.0337339
0.0144059
0.0252039
0.00297913
0.0515872
-0.0518869
0.048461
0.0610671
-0.00859928
0.0536933
0.0862611
0.0676181
0.142704
0.127554
0.0346714
0.0379662
0.00516891
0.0750052
0.0528243
0.052394
0.00384409
0.0181825
0.0111814
0.047616
0.00569801
0.0518263
-0.0407573
-0.0235098
0.0778646
-0.0565225
-0.0468949
0.051355
0.118146
-0.00326076
0.0607027
-0.0785339
0.0473789
-0.0573614
0.045038
-0.0117556
0.063772
0.090833
0.0359719
0.0722807
-0.0135412
0.00603091
-0.0185493
0.0372423
0.0393792
-0.0232424
0.123475
0.0720633
0.0524497
0.114975
0.000617539
-0.0312357
0.105692
0.0804797
0.124444
0.00291634
0.0772365
-0.0241242
0.111812
0.0413211
0.041409
0.0320033
0.00826514
0.0762928
0.0430328
0.0954317
0.029758
0.0290181
0.10177
0.0609253
0.0615027
-0.0415241
-0.0202474
0.0129385
-0.0502981
0.0389884
-0.00389743
0.0277509
-0.0167371
0.0496475
0.114103
0.0598235
0.0556537
0.140476
-0.0334618
0.00207669
0.106631
0.128757
0.083914
0.0479954
0.00815737
0.13332
-0.00821462
0.015596
0.104646
0.0557342
0.0873865
0.0803174
-0.022324
0.00706443
0.00194658
-0.00708443
0.0445292
0.0645477
0.00900493
0.0729278
0.0744957
0.0353654
-0.0159413
-0.00384567
0.0569889
0.0291634
0.0568875
0.0895777
0.0109993
0.0496757
-0.0198215
0.0953507
0.00438094
-0.0330187
-0.000508025
0.0674246
0.0437677
0.0621333
0.0732191
0.091722
0.0719685
0.0736873
0.0951741
-0.00185271
0.0488902
0.00831719
0.0626279
-0.0593032
0.067492
0.0237071
0.0368241
0.111328
0.0494388
0.0106481
0.0674098
0.0776207
-0.00561388
0.0853183
0.106031
0.0404851
0.108616
0.0822985
0.0454849
0.0270422
0.0490943
0.0850567
0.0581703
0.0908983
0.0132721
0.066964
0.0434688
0.0472686
0.0241339
0.100591
0.0656327
0.0815851
0.0413049
0.0774684
-0.000148957
0.0727373
0.111766
0.0267328
0.0764571
0.00779458
0.0550851
-0.0352248
0.018962
0.00877817
0.0795647
0.0801915
0.0611751
0.0620708
0.030436
0.0228266
0.0196752
0.104413
0.0344657
0.0680581
0.0774694
-0.00561077
0.0604885
0.023718
0.0425148
0.0383439
0.0243523
0.0205213
0.0598551
0.0690514
0.0403431
0.0564842
0.0757523
0.114397
0.10288
0.0518477
-0.0199705
0.0512042
-0.0780765
0.0375876
0.0646107
0.076424
0.0471957
-0.0459063
0.00193373
-0.0143215
-0.0128334
0.0108965
0.0463321
0.0650721
0.0568296
0.0708106
0.0947424
0.110404
0.14173
-0.0409949
0.0804884
0.131423
0.111613
0.0905212
0.0533947
0.058648
0.0859457
0.0421885
0.0725127
0.0560183
0.00646663
0.017399
0.0112324
0.0818271
0.0180873
0.0587585
0.0596628
0.0242572
0.030686
0.0901232
0.0845663
0.0256959
-0.0312353
0.0562093
0.0876898
-0.00881075
0.0833431
0.00161031
0.0161007
0.0746878
-0.0231978
0.0473533
0.0825627
-0.00338166
0.0652619
0.0784767
-0.0988222
0.00691908
0.0298836
0.00208045
0.00817834
-0.0595661
0.0623934
-0.0133862
-0.0535201
0.0430293
0.0968227
0.0811649
0.0197268
0.107929
-0.0220283
-0.00503312
-0.0494565
0.020496
-0.003388
0.0714348
0.0930248
-0.00684153
0.0875714
0.0813787
0.0641783
0.0776301
0.0599503
0.0805236
0.0769843
-0.0121724
-0.0230415
-0.0330173
0.0515421
0.0176193
-0.00404645
-0.0114168
0.0315094
0.0465583
-0.013371
-0.00611146
0.0640259
0.0286309
0.000109022
-0.0257375
0.0446657
0.0281532
0.0736336
0.0849737
0.051173
0.00488903
0.00620432
0.0678952
-0.0791307
0.054769
0.0547968
-0.00328153
0.0352623
0.0464767
0.00613625
0.0576807
0.108423
0.0173962
-0.0122228
0.0857671
0.0164267
0.0392143
0.0500484
0.0230793
0.0925336
0.0536441
0.0375132
0.0213906
0.0389638
0.0101317
0.0676307
0.0232472
0.0825921
0.0775994
0.0787666
0.0558516
0.0784751
0.0752012
0.0556238
0.131201
0.0682626
-0.0389854
0.0912127
0.0415395
0.041968
0.0398243
0.0156069
0.10172
0.0502937
0.100132
0.117781
0.0285709
0.0798901
-0.0265009
0.0692249
0.0700861
-0.0148714
-0.0116198
-0.0491307
0.0443779
0.0926149
0.0429875
0.0493393
0.0366714
0.0503318
0.0540395
0.131642
0.0431237
0.130888
0.000469667
0.00888549
0.0115647
-0.00172811
0.0194626
0.0695418
-0.00275953
0.00733652
0.0132385
-0.0937651
0.0789983
0.0997109
0.0250949
0.00197563
-0.0311461
-0.0149711
0.00856057
-0.00715688
0.044553
0.0606459
0.0549612
0.058413
0.0563795
0.0761573
0.136835
0.0407652
-0.0135513
0.10856
0.0322631
0.111809
-0.0587519
0.0338542
0.0518609
0.0324634
0.0218224
0.0651474
0.087349
0.016769
0.0968268
0.0932099
0.0752233
0.0668164
0.044454
0.0361779
-0.0680758
0.0677401
-0.00995305
0.100408
0.118207
-0.00418224
0.0619979
-0.00685586
0.00965484
-0.0467839
-0.0308546
-0.0311435
0.00909363
0.040248
0.0716563
0.0287147
0.0364009
0.125501
0.0327554
0.0817238
-0.0236291
0.0560286
0.00032757
0.0265883
0.0668861
0.0881424
0.0687972
0.00398553
0.0270968
0.0533193
0.0606628
-0.0472712
0.0875006
-0.0199798
-0.00210737
0.0252087
0.0790597
0.085864
0.100823
0.0562854
0.0501103
0.0649541
0.0609405
0.0277621
0.0299375
-0.0331283
0.0539993
0.0107599
0.0185749
0.068266
0.0902519
-0.040705
0.023212
-0.00492541
0.0998852
0.0616835
0.115527
0.0818629
0.121075
0.0762901
0.0836148
0.102326
-0.0374373
0.0874656
0.0365218
0.0416816
0.0582871
-0.0636964
0.0531817
-0.0564933
0.110833
0.0743108
-0.0277231
0.0357401
0.00110136
0.00512867
0.120274
0.0902714
0.0289218
0.0787215
0.00716378
0.0246305
0.0194102
0.0449028
-0.00406415
-0.0168934
-0.020783
0.0181074
0.0253522
-0.0250631
0.0626519
0.0242231
0.0226537
-0.0340694
-0.0761598
0.0128699
0.0859838
0.028775
-0.00299813
0.0074023
0.0038138
0.014927
0.081823
0.068355
-0.0385237
0.0286136
-0.035284
-0.0866287
0.0355066
-0.0229364
-0.00194318
0.0856872
0.0254624
-0.0361058
0.0860502
0.0434861
0.046303
0.00873921
-0.106691
0.0286704
0.00018559
-0.0114363
-0.000544223
-0.0765277
0.0330389
0.0424742
0.0173565
-0.0301314
0.0290253
0.0219853
0.137777
0.0451798
0.0270189
0.0831795
0.0159124
0.0189161
0.105125
0.0640886
0.00996142
0.0464173
-0.043728
0.0279102
0.0477086
0.0870507
0.113209
0.0668527
0.0549692
0.0203621
0.0155065
0.00945151
0.0380639
-0.00486892
0.0767343
0.0689707
-0.0492391
0.0597183
0.0188844
0.0462711
-0.0571554
-0.0221746
-0.0890154
-0.00775088
-0.029579
0.0957274
-0.0326128
0.00359167
0.0190495
0.0350854
0.00160072
0.0176791
0.0513421
0.0649412
0.0739977
0.0369195
0.0776944
-0.0406869
0.118547
-0.00121706
0.0218411
0.07093
0.0286529
-0.0761032
-0.0646814
0.041512
0.045522
0.0604559
-0.0329793
0.0411957
0.0150155
-0.058368
0.0635465
-0.0592915
-0.0414146
-0.0396981
-0.00449032
0.0743697
-0.0576227
0.142361
0.13864
-0.00612676
0.0323542
0.0753334
0.0155711
0.100416
0.0168751
0.0691442
-0.046022
0.0728262
0.0288976
0.0610892
0.0543823
0.100073
0.0942641
0.0748907
0.0639253
0.0632787
-0.050886
0.0215454
0.0712605
0.0485403
0.00825579
0.037353
0.0533098
0.0702637
0.0276027
-0.0216916
0.076272
0.0594528
0.0305528
0.00856288
0.0492163
0.0863909
0.0555643
-0.0320302
-0.0323472
-0.0387665
0.0117062
0.00579615
0.0369813
0.0509047
0.0939742
0.0319714
0.0987755
0.0390265
0.00421824
0.123171
0.0612691
0.0737374
0.0386804
0.0641447
0.0176606
-0.0294668
0.110382
-0.0679742
0.0226768
0.0371361
0.0301409
-0.0414086
0.0619202
0.0810198
0.0122164
0.0379898
0.0740912
0.0231109
-0.0625417
0.0629598
0.00619122
-0.00636663
0.0186604
0.111235
-0.0168239
0.0730676
0.126114
-0.0399776
0.0649685
0.040294
0.038101
-0.0718816
0.00528632
0.0917153
0.0971454
-0.0295173
0.0110314
0.0587964
-0.00875011
0.0456352
0.00527186
0.058468
0.00593061
-0.0904221
0.0612724
0.077432
0.0289444
-2.33E-05
0.0947914
0.0802033
0.140974
0.0897546
0.0425635
0.00252845
-0.0118776
0.0634306
-0.023285
0.00123788
0.114206
0.031079
0.00119648
0.0173406
-0.0303147
-0.0886525
0.0483382
0.00958713
0.0278667
0.0471354
0.0255846
0.0615351
0.0493781
-0.0255974
0.00573977
0.0581016
0.08298
0.00791019
0.0622072
0.0387419
0.0945162
0.0415638
0.0696989
0.0293015
0.0826171
0.00915118
0.0738808
0.0680334
0.0630133
0.0617344
0.0630624
0.056976
0.0139483
0.11611
-0.0539907
0.0981239
0.0200192
0.117522
0.0607198
0.0777736
0.110414
0.0457698
0.0254024
0.0431672
0.0312821
0.0107629
0.0066386
0.0285057
0.0593827
0.0956927
0.0565178
0.038507
0.0353763
0.0966468
0.063792
0.0750314
0.0459046
0.065572
-0.0119742
0.00727088
0.113854
0.109189
0.0804071
0.0877103
0.0772691
0.0775612
0.102973
0.0753965
0.0859461
0.116129
0.0564468
0.0508089
0.0886823
0.0539651
-0.0361445
0.0794245
0.0164893
-0.0149186
-0.0136805
0.0277397
0.0654296
0.0145301
0.0838072
0.0732702
0.0616565
-0.0131798
0.00623583
-0.00851447
0.0205549
0.0509065
-0.0404489
-0.045477
0.037215
0.0991837
-0.0194825
0.039238
0.00426148
-0.0439805
0.092537
0.00300967
-0.00694413
0.0234364
0.00999512
0.0598599
0.0925063
0.0321054
-0.0244091
0.073273
0.0630896
0.0573606
0.0917673
0.0913921
0.105132
0.0710055
0.0794207
0.0540284
0.0164174
-0.0279724
0.0335455
-0.00716146
0.0427177
0.109134
0.0294956
0.0717844
0.0267615
0.05374
0.0613571
0.0262306
0.0141624
0.100498
0.0670115
0.0711894
-0.0470021
0.0777856
-0.0113426
-0.0461861
-0.0550444
-0.0444204
-0.0126383
0.0928273
-0.00265564
0.0952296
0.0377007
0.00496277
0.0297371
0.054291
0.0910094
0.00629274
0.0529665
0.0196964
-0.0173795
0.0831612
0.0186627
0.00412676
0.0212928
0.0242479
0.0200525
0.0185018
-0.0615517
0.0205698
0.0983569
-0.0693398
0.0156875
-0.0414401
-0.0687607
0.0282883
-0.00906928
-0.0867818
0.0743533
0.0652267
0.0144528
0.0456438
0.0946743
0.0327475
0.0102921
0.038882
0.0233976
0.0251601
-0.0243026
0.0283076
0.0330721
0.0782821
0.0619642
0.041747
0.136322
0.0305559
-0.0118279
0.0234525
0.0991354
0.071226
0.104811
0.132264
0.12647
0.0581738
0.0566788
-0.0368565
-0.0148561
0.00490349
0.0239662
-0.00426616
0.00890081
0.034703
-0.0542746
0.039515
0.0732766
-0.0415163
0.112993
0.0258066
0.0464883
0.0174298
0.0418929
0.0258656
-0.0309794
0.044634
0.0520483
-0.0364339
0.0178645
-0.0353033
0.148127
0.0715041
-0.00780509
-0.014035
0.0050137
0.0837751
-0.0197405
0.078835
0.0460041
0.0467062
0.0587997
0.0493972
0.062183
-0.0501975
-0.0231547
0.0808374
0.0344899
0.0605259
0.0755625
0.0823521
0.0785531
-0.0532951
0.125456
0.00977076
-0.0685308
0.0337931
0.0242972
0.0171025
0.0530396
0.0522924
0.0700076
0.0382921
0.0407612
0.017732
-0.0156217
0.0442863
0.0787103
0.0586905
0.0687391
0.0688874
0.0641887
0.0967497
0.0265477
0.0791248
-0.0326633
0.0635613
0.0463501
0.0704376
-0.0349989
0.0393629
0.0777528
0.0336492
0.0965058
0.11587
-0.0202018
0.0667974
0.0547976
0.0575474
0.0319037
0.0117014
0.0559712
0.115277
0.039152
0.00855772
0.0528701
0.0625853
0.0614095
0.100339
0.0167348
0.11022
0.0319536
0.0462276
0.0166083
0.00108192
0.14612
0.0492416
-4.53E-05
-0.051514
0.0625784
0.0550434
0.0467871
0.102558
0.0596093
0.0634509
0.104454
0.0329379
-0.055798
-0.00201076
-0.0098219
-0.0797679
0.0408931
0.040969
0.0590856
0.0598224
0.0516813
0.0161007
0.0989808
-0.020102
0.0107122
0.0666401
-0.0123094
-0.0166069
-0.0588409
0.0360894
-0.0489789
0.0238947
-0.0314517
0.00436687
-0.0612208
0.0394199
-0.00340823
-0.0825162
-0.00538566
-0.0313869
0.0762357
-0.0595205
0.0590985
-0.0108091
-0.046702
-0.0326851
0.0784403
-0.0116096
0.0209838
0.0456809
0.0961837
0.0649822
0.092436
0.0817733
0.0343587
0.00122065
0.10582
0.0930404
0.0723092
0.0765594
0.0600452
0.120198
0.0741537
0.0792084
0.103721
0.00679474
0.07515
0.0440767
-0.0171902
0.0203768
0.0454142
0.115965
0.00343846
-0.0300185
0.0134796
0.00419273
0.0148715
0.0695615
0.0407833
0.0420651
-0.00684029
0.0554343
0.0919644
-0.0194916
0.0428823
0.0247034
0.0290455
0.0146146
0.0902103
0.0990006
0.00870865
0.0594829
0.0759839
0.0511835
0.102887
-0.0212777
0.0234298
-0.0325644
0.0119811
-0.0235553
0.0276958
0.00670502
0.118292
0.0458955
-0.0149645
0.0189705
0.0319191
-0.029974
0.0743818
0.0960677
0.0570143
0.0322968
0.0525792
0.0100544
0.101143
0.0260982
-0.00860392
0.102008
0.0230046
0.0954625
-0.0298534
0.0832643
-0.0204681
0.00837936
0.0813613
0.103272
0.0804622
0.00941205
0.0598959
-0.00113793
0.0186653
0.0373443
0.0597338
-0.0310117
-0.0326278
0.00398382
0.0527726
0.0123312
0.00854744
0.0505708
0.04874
-0.00933573
0.0456903
0.130123
0.0619503
0.00449614
-0.0421419
0.041045
0.0804871
0.0443955
-0.0471085
0.0286154
0.0370439
0.0756065
0.0604379
0.0662387
0.0770099
-0.0473299
0.0191745
0.134575
0.0644647
0.130715
0.0204753
0.0358552
0.0176545
0.0591404
0.0653727
0.0618772
-0.0117765
0.0332768
0.0546562
-0.0144491
-0.0335669
0.0862873
0.0708898
-0.0291979
0.0738509
0.0729934
0.0603433
0.00561596
0.0462822
0.029559
0.00698593
0.0422242
0.0614427
0.00762265
0.0152569
0.0866522
0.0932699
0.0613737
0.0304802
0.0552283
0.0584078
-0.0247605
0.046059
0.0957155
0.0701537
0.0258834
0.0301653
0.0648419
0.0708882
0.0955848
0.0365235
0.0613136
0.0132331
-0.0113328
0.0501582
0.0712019
0.0622722
0.0509916
-0.0366013
-0.0764031
0.0497585
0.0143642
0.0353422
0.084181
0.00402264
0.0399325
0.0207442
0.104587
0.0894208
0.00576185
0.0629789
0.0177309
0.00959938
0.0649861
0.11932
-0.0941317
0.0292405
0.0802179
0.0594903
0.0618204
0.0426862
0.0944376
-0.0131835
0.00349609
-0.0259531
-0.0782155
0.0210211
0.0496712
-0.0775436
-0.0290105
0.0552812
-0.0248244
0.0323049
0.0239013
-0.0433126
0.0555217
0.0775387
-0.124775
-0.0588041
0.0268665
-0.00203585
0.029071
0.072798
-0.00660622
0.0235679
0.118747
0.0400964
-0.0575617
0.135839
0.0291497
-0.0135085
-0.0141944
0.0589203
0.0814884
-0.0276564
-0.0143482
0.0438433
0.0683587
0.11604
-0.00889897
0.0166624
0.00818883
0.0309852
-0.0045636
0.0411361
0.0210717
0.0160172
0.0143557
0.0534849
0.0862026
0.0957232
0.0809646
-0.0491716
0.0658291
0.0101853
0.0638519
-0.0118258
0.0680489
-0.0101829
0.0692165
0.0619528
0.0639739
0.0318205
0.0805382
0.0786881
0.0486274
-0.0252628
0.00318894
-0.0312215
-0.0107094
0.0683754
0.037266
-0.0275621
0.00840449
0.0790614
0.034716
0.0522816
0.00654001
0.0150804
-0.0149933
-0.0279556
0.0328315
0.033616
-0.0372925
0.133049
0.0278315
-0.00688922
0.0149275
0.078751
0.0195594
0.0568714
0.00194204
0.0139611
0.131712
0.0497247
0.0145375
0.0452518
0.0666029
0.146298
0.0252771
0.0756829
-0.0147351
-0.0266146
0.0691379
0.052513
0.0571288
0.125014
0.037793
0.0933955
0.0867737
-0.0206337
0.0498849
0.0572917
0.0499779
0.0542389
0.0955078
0.0733629
-0.023706
0.0518333
0.0731341
0.0435842
0.104507
0.0386221
-0.00110787
0.0295906
0.106549
0.0486425
0.0455522
0.0740105
0.0994565
0.07464
0.070618
0.0279365
0.0298062
-0.0066462
0.0413934
-0.0247226
-0.0499454
0.0954401
0.0556184
-0.0508692
0.0388461
0.0451449
0.0350263
0.0346917
0.0842591
-0.0115032
0.1133
0.053669
0.0459628
-0.0892628
0.0483549
0.0860836
0.0664381
0.106273
0.0914444
0.0613241
0.070408
-0.0505172
0.0895118
0.0846137
0.099061
0.0631094
0.0290626
-0.0124989
0.0254281
0.0267096
0.0108814
-0.0219305
-0.06025
0.0229582
0.0418694
0.0702229
0.0341062
0.0411589
0.0604896
-0.0724136
0.137831
0.0157097
-0.0642064
0.0710662
0.0243235
-0.0478397
-0.035476
-0.0105404
0.0261908
0.110497
0.0680771
-0.0514359
0.0709504
0.0157245
0.0122057
0.0428011
0.126282
0.0201161
0.101084
0.00243563
0.0863751
0.104519
0.104045
0.0164809
0.020265
0.0853352
0.112799
0.0740195
0.0453351
0.0458195
0.0438621
0.0439114
0.0196375
0.0774146
0.0969273
0.0144246
0.070787
0.0870755
0.0215417
0.033111
0.0235618
0.0578465
0.073654
0.0460785
0.0776821
0.059077
0.0580641
0.0838346
0.0676919
0.0961917
0.0309808
0.0539529
0.0536555
-0.0164696
0.0185854
-0.0239247
0.123909
-0.0209927
0.0922406
0.112956
0.00601003
0.0679983
0.013626
0.0753879
0.00736724
0.0515628
0.0520859
-0.0174472
0.0143193
0.0721443
0.064079
0.0133684
0.0182945
-0.0451113
0.0598787
0.0473551
0.0829905
0.0418576
0.0950637
0.012718
-0.00254058
0.0596815
0.0338867
0.0299445
0.077535
0.0245999
0.0883692
0.0501638
0.0541037
0.0903539
0.0631279
0.0936398
0.0513665
0.0163395
0.017469
0.0972593
0.0289432
0.104622
0.0823713
0.0574385
-0.0202204
0.0347316
0.0202989
0.00116633
0.0300455
0.0275533
-0.0283107
0.0513957
-0.00825928
-0.10249
0.0656782
0.0274176
0.0524206
0.0379968
0.0445462
-0.0322613
0.0852745
0.0931728
0.0162649
0.0882114
0.0449598
-0.0104063
-0.0346731
0.0901805
0.0108259
0.066339
0.0150543
0.0947757
0.0654032
0.0904155
0.10076
0.138366
0.11357
0.0790554
0.0813819
0.0588674
-0.0143383
0.0513167
-0.00346809
0.0490492
-0.0436776
0.00730098
0.0466309
-0.0326542
0.0746226
0.0263353
-0.0120861
0.00345693
0.00054004
-0.0227379
0.0843046
0.0163045
0.0907702
-0.0155868
-0.0118768
0.0164217
0.071508
0.0679315
0.0834676
0.0808294
-0.0138937
-0.0103465
-0.0515422
-0.0421303
-0.000103611
0.137109
0.142579
0.034674
0.0142366
0.0833427
0.0357206
-0.0226112
0.0159724
-0.0129602
-0.0734611
0.0074207
-0.016282
0.00534298
0.104032
0.144059
-0.0273179
0.138899
0.0463293
0.0831412
0.0652418
-0.0321575
0.0784735
0.0901974
0.0290158
0.0708746
-0.0251173
0.113495
0.11616
0.0976568
0.127525
0.0949663
0.0920979
0.0345554
0.0957462
0.0841631
0.0442168
0.0491424
0.0555559
0.0315272
0.0413565
0.0870781
0.00562438
0.1144
0.031046
0.0767245
0.0744558
0.0823895
0.0450631
-0.0243955
0.00343095
0.0699006
0.0451312
0.0834676
0.077606
0.120868
0.0940443
-0.0198483
0.143091
0.0221156
0.0123146
-0.0319791
0.0253893
-0.0480862
0.0201366
0.04448
0.0578865
0.0506039
0.0342005
0.0328447
0.0133825
-0.00840206
0.0693862
0.0643573
0.0257201
-0.0405829
0.125931
5.56E-05
0.037967
0.0847026
0.062198
0.0948092
-0.0464082
0.0052593
-0.0059676
-0.0555182
-0.0391971
0.0476877
0.10774
0.0821117
0.0366719
-0.0600719
-0.0103554
0.0909293
0.00655313
-0.0242983
0.108324
0.00490066
-0.00682765
-0.0565295
0.0462372
0.0505718
0.0870834
-0.00523387
-0.00470426
-0.0473824
0.0582044
0.0497522
0.0841422
-0.0101632
-0.00125497
-0.021828
0.0308271
0.0654398
-0.0339323
-0.00228181
-0.0628816
0.0685415
0.065392
0.0186544
0.0667016
0.0804175
0.0680832
-0.0119185
0.0630983
-0.0111073
0.0595145
-0.0113413
0.060242
0.0940713
0.091434
0.0180536
0.0347515
-0.0247437
0.0417983
-0.012746
0.0221814
-0.071624
0.0904112
0.0129184
-0.0404987
0.0896315
-0.0465576
0.0673341
-0.0043724
0.0688414
0.0504897
0.0696042
0.0970219
0.107645
0.0894495
0.00208638
0.105386
0.0362559
-0.0423687
-0.0741869
0.0654296
0.0110291
0.0238837
-0.0640257
0.0979578
-0.0315236
0.0313654
-0.0494148
-0.0339031
0.0901323
0.0474845
0.0984443
-0.00923942
0.0944727
0.0631252
0.0332542
-0.0146114
0.05324
0.0199831
0.00520788
0.0684748
0.0193899
0.0354917
0.01406
0.000456912
-0.0187883
0.014054
-0.0401747
0.0909403
-0.0672163
0.057705
0.0977373
-0.051741
-0.0488339
-0.00528379
0.0055108
-0.0026275
-0.0288764
0.0476549
0.0343582
0.0426736
0.0113688
-0.0093657
0.0831677
0.00457882
0.0879996
0.0603901
0.0934242
0.0188545
0.105857
0.0127489
0.0949341
0.00365293
0.0564015
0.0866702
0.106936
0.0272946
-0.0194706
0.0243402
0.0519974
0.0636466
0.0273807
0.0684289
0.0747326
0.00257983
0.0361581
-0.0157022
-0.105754
0.0603848
0.0190396
0.0219756
0.0254436
0.0861733
0.0206919
0.0559417
0.00290199
0.0389438
-0.0273201
0.0740442
-0.0127497
0.0678382
0.0589079
-0.00977914
0.0822344
-0.0131639
0.092247
0.0833208
0.030391
0.0410698
0.0750038
0.0691765
0.12041
0.108354
0.119531
0.103204
-0.0279055
0.111354
0.0992393
-0.0100767
0.0412754
0.015318
0.0716557
0.0300852
0.0172638
-0.0192527
0.0400994
0.0403123
0.0213437
0.0591568
0.049064
0.0738974
0.0112841
-0.0308687
0.0348226
-0.038497
0.00703256
0.0289998
0.0870588
0.034535
-0.00144982
-0.00386286
0.0734763
0.0801554
0.060566
0.0726222
-0.00677604
0.0231683
-0.0145884
0.11075
0.0575194
0.0181327
-0.049639
0.0426711
0.100264
0.0603716
-0.0663361
0.0581584
0.0340573
0.0626426
0.0171291
0.00571254
-0.0150104
0.0843094
0.0910117
0.011541
0.0583901
-0.0442125
0.0247986
0.0234884
0.0343915
0.055618
0.0302482
0.000823182
0.0194714
0.0115427
0.0112812
-0.0150606
0.0585579
-0.0229498
-0.0286559
0.069764
0.0029614
-0.0444385
-0.0120802
0.0355363
0.0188542
0.0967504
-0.00881877
0.00156374
0.0191997
0.0280534
-0.0196102
0.0572437
0.0653528
0.0285635
0.018675
0.0164372
0.0673109
0.103137
0.0763578
0.0951267
0.0902546
0.115572
0.0628007
0.0803028
0.0377698
0.0537025
0.0177379
0.0619737
0.00375728
0.0241917
0.00446933
-0.0172692
0.0836065
0.0224998
0.0577322
-0.0615062
0.061026
0.044054
0.0978361
0.0702503
0.0719737
0.00713972
0.143417
0.0750761
0.0893026
-0.0390305
0.112037
0.0587389
0.0472538
0.0751166
0.0825338
0.0580291
0.070152
0.0519449
0.0524037
0.0502665
0.0227907
0.087811
0.0791992
0.0166053
0.0833384
0.00135844
0.0247904
0.0678771
-0.0225402
0.0272992
0.0716723
0.0967992
0.0566681
0.108265
0.073158
0.0238362
0.0714572
0.058663
0.00618348
-0.0329969
0.0637638
0.0441856
0.0860731
0.0591165
0.110867
0.125762
0.0982835
0.0150581
0.0830855
-0.0345887
0.120632
0.101764
0.0314079
0.118118
0.104294
0.00781917
-0.0352129
0.0782825
0.0621337
0.0349938
-0.00569123
0.0817453
0.0416721
0.00941316
0.0806194
0.0447462
0.0286307
0.0480356
0.0663232
0.0355001
0.0785719
0.0420398
0.100373
0.073032
0.0527739
0.0773256
0.0818064
0.0737733
0.0831262
0.00324554
0.122388
0.0261486
0.0217425
0.071191
0.0243077
0.0235469
0.0425268
0.0843389
0.0520203
0.0463829
0.0596127
0.0695491
-0.00985493
0.0811747
0.0280073
0.0757783
-0.0463341
0.0739507
0.0188575
0.0388606
0.11515
0.0172357
0.0916677
-0.0177219
0.105695
0.101094
0.0498773
0.0627482
0.0224959
0.0993585
0.0876798
-0.046419
-0.0226385
0.0192065
0.0597865
1.45E-05
0.0759919
0.00747789
0.0129675
0.00811181
0.0105885
0.0702075
0.00994779
0.0693136
0.129866
-0.0114977
0.0698945
0.100219
-0.0113788
0.0363558
-0.00790737
0.00344531
-0.0651215
0.0655826
0.0309828
-0.0252157
-0.00507168
-0.0374093
0.0913453
0.000367014
-0.00798086
-0.0599224
0.0997293
0.0507113
0.0847368
0.0574085
-0.0192963
0.0872265
0.0751632
0.0202112
0.0142226
0.0113316
0.0753647
0.125169
0.0827305
-0.0308495
0.064974
0.00308088
-0.0112485
-0.00848641
-0.0241976
0.0646092
-0.0231015
0.110459
0.0607655
0.0396312
0.00711913
0.0712182
0.0894426
0.0918297
-0.0334673
-0.0215587
0.131805
0.128052
0.0539978
0.089472
0.026066
-0.0622101
0.11648
-0.000436897
-0.0334305
0.0593637
0.0915246
-0.108689
0.0650404
0.030207
0.0453826
0.0926368
0.0411901
0.0560632
0.0204282
0.0590747
0.0107191
0.0630003
0.0165348
0.0504065
0.0229062
-0.00020753
0.0263597
0.0612878
0.102176
0.0353507
0.00040509
0.0373908
0.082148
0.0695124
0.103322
0.00116233
0.0881211
0.00138726
0.102428
-0.0101703
-0.0219293
0.0605623
-0.0797328
0.102652
0.0918505
0.0415373
0.0938748
0.0492873
0.0487505
0.101705
-0.0156369
0.0413164
0.0384151
0.0867398
0.0257204
0.0295269
-0.0285403
-0.0249947
0.0114731
0.00824905
0.0682787
-0.0231474
0.102034
0.0218345
-0.0218884
0.0361243
0.115629
0.0304132
0.0592939
0.0209341
0.0488425
0.0243661
0.0637527
0.118122
0.0256357
0.0355219
0.020754
0.1212
-0.0315967
0.0685507
0.109828
0.0424411
-0.0311777
0.0555153
0.0135781
0.0572494
0.0636929
0.0322171
0.0749164
0.0845569
0.0532698
-0.0459311
0.0458049
0.0827519
-0.000844861
0.00354275
0.0370485
0.0205174
0.012872
0.0521018
-0.0265064
0.0501264
0.0188531
-0.0086497
0.0908836
0.0607996
-0.0546323
0.0109141
0.111123
0.11533
0.0883683
0.0509055
0.0154532
0.114809
0.0245268
0.0497136
0.059441
-0.0101096
0.00503918
0.0582591
0.00869049
0.0732829
-0.013646
0.0451332
-0.0161009
0.0222266
0.0396856
0.0692483
-0.0207769
0.00424945
0.00429755
0.0443536
0.139919
-0.0328067
-0.00846931
0.011401
0.111917
-0.0801932
0.0667695
-0.0412742
-0.0478931
0.0231437
-0.0517232
-0.0110901
-0.00185098
0.0133149
0.0416033
-0.010061
0.0163845
0.076873
0.117608
0.0449825
-0.097915
0.145101
0.0270013
-0.0304829
0.00797028
-0.0582026
0.0441893
0.0331905
0.0420259
0.0318313
-0.0413051
-0.0677148
0.103835
0.0527763
0.00702591
0.00834717
0.0258475
-0.0447752
0.0351958
0.00115525
0.0496576
0.0574602
0.00756976
0.0555315
0.0204836
0.0748397
0.122934
0.105905
0.0719204
0.0268084
0.0992381
0.126169
0.0841159
0.055453
0.12477
-0.00361094
0.126881
0.102282
0.083969
0.0903615
0.0131055
-0.0166642
0.0330423
0.0557357
0.00105039
0.0645574
0.0799695
0.0337155
0.00307063
0.0662218
0.0464277
0.0825078
0.0467286
0.074687
0.0627307
-0.0621679
0.020855
0.0937033
0.0146358
-0.0251164
0.022117
0.0793976
-0.0101202
0.0571254
0.11337
-0.0531685
0.00725667
-0.0760271
0.0472168
-0.00950313
0.0481437
-0.0104765
0.0304127
0.0509761
-0.0193186
0.0935407
0.00973139
0.0173446
0.0538844
0.0438104
0.0857465
-0.0108183
-0.0193753
0.0477379
-0.0109685
0.0416701
0.0709715
0.129076
-0.0797643
-0.0181942
0.00931188
-0.0243907
0.0485233
0.0833996
0.0857677
0.0276801
0.125543
0.138175
0.109494
0.0849547
-0.056122
0.0711802
0.116988
0.112879
0.109003
0.0788711
0.0852032
-0.035312
-0.0278175
0.00958108
0.129174
0.0185575
0.0982123
-0.0192958
0.0465231
0.12211
-0.0294977
0.114525
0.0426129
0.0502011
0.0376988
0.0976917
0.029083
0.0401626
0.0177396
0.0348948
0.0470531
0.134477
0.0572265
0.0349513
-0.124894
0.0539263
0.045148
0.0612326
0.048365
0.0742683
0.0778825
0.0288718
0.00686231
0.083139
0.0909445
0.149961
0.0668205
0.040093
0.0284614
0.0153057
0.0574453
0.0886672
0.0633358
0.113387
0.0692352
0.00463547
0.0644505
0.0528301
0.0535276
0.0822033
0.072286
0.0327742
-0.0195781
-0.0568891
0.0563569
0.0546697
-0.00326925
0.0811132
0.0663856
0.0502042
0.0697522
-0.00953145
0.0544546
0.00317199
0.071602
0.106764
-0.075487
-0.00937114
0.023922
0.0699169
0.019746
0.0489735
0.0995949
0.0650648
0.0892472
-0.0106313
0.0828294
0.0113089
0.0104419
0.0416911
0.0674379
0.0132861
0.03849
0.0562596
0.0329469
0.0666069
0.0915056
0.123198
0.0366918
0.0290724
-0.00670038
-0.0647808
0.0194365
-0.0129169
0.0384702
0.0204892
0.0447909
0.0638318
-0.00660074
-0.0130294
0.0580833
0.0756502
0.0603453
0.0568586
0.0226866
0.0333774
0.0355322
0.0533562
0.0673056
0.0392711
0.0534219
0.0782404
0.0778207
0.096861
0.0743265
0.117356
0.000983287
0.078983
0.0515949
0.0225837
0.0995717
0.0610487
0.0543937
0.0919503
0.129328
0.0719995
-0.0153279
0.0432897
-0.0342443
-0.0299754
0.00238897
0.0519232
0.124506
0.119338
0.0326822
0.00913271
0.0693499
-0.0886907
0.0460419
0.0236782
0.0937595
0.00402462
0.0303301
0.103553
-0.0728911
0.100891
0.0418726
0.0505948
0.0765583
0.0832491
0.100476
0.0845433
0.0795967
0.0618385
-0.00390312
0.0626682
-0.0390317
0.00275268
0.00751867
0.0376723
-0.0275829
0.0173421
0.0491521
-0.0168388
0.0678035
0.101872
0.00191767
0.036731
-0.0274924
0.0490738
-0.014201
-0.0484669
0.0184402
0.0670757
0.0624966
0.0249967
-0.0458932
0.0367212
0.00390548
0.0394052
0.0268321
-0.0290376
-0.0471
-0.00661535
0.024368
-0.0302019
0.029654
-0.0267179
0.0150467
0.0926628
-0.0477271
0.0884245
-0.0442114
0.0598625
0.0416787
0.0781061
-0.0644624
0.0669549
0.086802
0.00822309
-0.023587
0.0409232
-0.0213138
0.068003
0.0875819
0.0605054
0.086381
0.10276
-0.0399523
0.129886
0.0262779
-0.0119764
0.0687259
0.0670982
0.0808607
0.0780188
0.0484594
0.0235526
0.0180493
0.0680664
0.00991376
0.0384233
-0.0136771
-0.00903228
0.0264125
0.0353796
0.0420448
0.0742566
0.0397621
0.0566156
-0.0481368
0.0554293
0.032782
0.0118038
0.033767
0.0316127
0.0623386
0.023999
0.0350851
0.0736815
0.0782421
0.0251386
0.0524845
0.0389166
0.00229384
0.0757788
0.0844255
0.0608725
-0.0142967
0.0579056
0.0591458
0.0560311
0.0350138
0.100872
-0.032877
0.0154775
0.100887
0.109592
0.100864
0.0217234
0.0807817
0.0619855
-0.01298
0.0653988
0.0918308
0.0836344
0.0687758
0.0766163
0.0593507
0.0893675
-0.0834551
0.0432638
0.0705485
0.11193
-0.0132864
0.104255
0.0165431
0.085628
0.0262842
0.012771
0.0186112
-0.00587921
0.0222741
0.0335342
0.0983837
0.0392051
0.10421
-0.05653
-0.0742309
0.0543653
-0.013508
0.0896081
-0.00395948
0.073221
0.0053337
0.0135659
-0.0399269
0.0326347
0.0476336
0.0378766
-0.063689
0.0024659
0.0185548
-0.0230801
0.0553808
0.0628703
0.0710061
0.0373519
0.0536491
0.0356416
0.0378657
0.0608095
0.0167626
0.061755
-0.0493415
0.0288437
0.0617649
0.00680306
0.0504767
0.0144604
0.0888699
-0.045256
0.0518498
0.0446041
0.0448444
-0.0394606
0.0667826
0.0907841
0.0109533
0.099957
0.0711897
0.00816878
0.0246638
0.0536014
0.0682612
-0.0775337
-0.0241912
-0.0631989
-0.0539291
-0.0171148
0.0265355
0.121481
0.0196575
-0.0170708
0.0478079
0.0816904
0.141968
-0.0339274
-0.00469268
0.0237567
0.0709363
-0.0207539
-0.0456729
0.0772628
0.0510819
0.037199
0.0613439
0.0558017
0.0858717
0.0712757
0.062074
0.0614614
0.0750753
0.102313
0.0695097
0.0440494
0.0522431
0.034283
0.0124848
0.0785692
0.0420829
0.0353114
0.0644246
0.0382095
0.061939
0.0675479
0.0656163
0.059095
0.0470505
0.0523106
0.0946676
0.0395753
0.0347565
0.0951895
0.0116992
0.0465695
0.0798298
0.117963
0.00878466
0.052547
-0.0170557
0.0705022
-0.0388654
0.0721852
-0.0138685
0.0428453
0.0657456
0.0263129
0.0730991
0.0376019
0.0716233
0.0647963
0.0769393
0.00773228
-0.00224554
-0.0388208
0.0152498
0.0670919
-0.0514378
0.137312
0.0565668
0.0175954
0.107857
0.0248024
0.0422189
0.0827163
-0.0485827
0.118541
0.0859083
0.0614937
0.0653427
0.0817452
0.0623021
0.0565495
0.0334688
0.103407
0.0916406
0.111021
0.0540293
0.0982382
0.0188465
0.0407144
0.0628942
0.0842561
-0.0626561
0.0515002
0.0700578
0.0427257
0.10308
0.0740564
-0.0150408
0.109844
-0.016227
-0.00523244
0.128189
0.0680944
0.0650595
-0.00620317
0.0529651
0.0324368
0.0645807
0.0519582
0.092176
0.0396179
0.126714
0.0165031
0.0834787
0.065491
0.0887932
0.0295153
0.0767342
0.0636036
0.0363273
0.0880192
-0.017338
0.0857984
0.053451
-0.0156474
0.0941183
0.0270493
-0.00140976
0.0796224
-0.0095629
-0.0259555
0.023462
0.128078
0.0408122
0.0302535
0.1128
0.103138
-0.026426
0.0878519
0.0452399
0.0984661
0.0218677
0.0238375
0.0487788
0.0696432
0.060806
0.0812408
0.0322724
0.0114146
0.016274
0.0141034
0.0764261
0.0818968
0.0581615
-0.0749525
-0.00836664
0.0517297
0.0813472
-0.0164738
0.110653
0.0157228
-0.0331682
0.0195784
0.0765233
0.0785712
0.0264022
-0.0162417
0.1161
0.0869241
0.0771908
0.055736
0.0620528
0.102118
-0.0239661
0.0647821
0.0551195
0.0861272
0.0875226
0.0756528
0.0894535
-0.0479732
-0.00825737
0.0267554
0.121109
0.0575841
0.0899788
0.049584
0.0414504
0.0263143
-0.0125559
0.033293
-0.0174917
0.00251316
0.0913213
0.0719746
0.0799557
0.0793304
0.0545174
-0.00549962
0.0242148
0.0616973
0.0920606
0.0515251
-0.0650254
0.0455781
0.0855476
0.0620718
0.0522301
0.0786773
0.106264
0.0844628
0.0256861
-0.0518357
0.0468714
0.0233213
0.0558679
0.036386
-0.0218756
-0.0262727
0.000714082
0.0451945
0.0992834
-0.0445662
-0.0434585
0.0423803
0.00593082
0.0867026
-0.00722957
0.0858256
0.0462615
0.081882
0.0645671
0.122009
0.00217557
0.0524151
0.120316
0.0346586
0.0290519
0.0131629
0.136483
0.0760868
0.0270344
0.120962
0.0620831
0.0260729
0.0694766
-0.0393114
-0.00962922
0.0371385
0.0170784
0.121354
0.115744
0.00637226
0.0328591
-0.0548224
0.0820932
-0.0217366
0.0738272
0.13552
0.108545
0.0497438
0.077618
0.0537282
0.0665808
0.0901648
0.0256827
0.0245013
0.0515292
-0.0274519
0.0631155
-0.11974
-0.0321054
0.02017
0.0241781
0.096788
-0.0222994
-0.0189686
0.0558243
0.0191213
0.000921167
-0.0441202
0.00485982
0.0460921
0.0292025
0.0648722
-0.0429637
0.0283745
-0.0381713
0.0428073
0.0124467
0.101548
0.063655
0.0493892
0.0602097
0.0686623
0.0405818
0.0753374
0.0219547
0.0711355
-0.00719025
0.0148645
0.101745
0.0373607
0.0396744
0.0533275
0.0963599
-0.0522705
0.0683468
0.0137421
0.123036
0.0232241
0.0644942
0.0732526
0.0688393
0.040501
0.0857292
0.0683581
0.0786158
0.0313998
0.015376
0.0310274
0.0442261
0.0406936
0.034905
-0.0416906
0.100247
0.0557183
0.0693548
0.124453
0.0506734
0.132208
-0.000784795
0.0327613
0.0140286
0.064814
0.0280929
0.00530133
0.0254446
0.0581668
0.088011
0.030787
0.0770577
0.0490092
0.100792
-0.0421062
0.0217027
0.033199
0.0208479
0.00425921
0.0431817
0.00258083
-0.0279483
0.0727854
0.0240745
0.00298958
0.042393
0.0438366
0.0040582
0.0736014
0.10498
0.0178621
0.106127
0.0333038
-0.010136
0.0673175
-0.0100142
-0.0307718
0.0858628
-0.021677
0.0920798
0.0375579
0.0756119
-0.0178211
0.106319
0.0331399
-0.0078326
-0.00543041
0.0729757
0.100484
0.10358
0.049406
0.0684009
0.0487313
0.105448
0.0910951
0.0805976
-0.0139706
0.0997067
-0.0395409
0.0665033
0.0565744
0.0882078
0.0326688
-0.0215383
0.117703
0.0396852
0.078835
-0.0152427
0.0324555
0.0309382
0.118151
0.0766559
0.0477306
0.000849105
0.0195873
0.103914
-0.0329081
0.0492396
0.101456
0.079253
-0.0129499
0.00486238
0.00401938
0.0796561
-0.00447671
0.0551104
0.0207763
0.0993828
0.0832982
0.0149282
-0.0163759
0.0446511
0.0340495
0.0731509
-0.0517654
-0.0372422
0.0363498
0.0556522
0.0210751
0.051488
0.0908193
0.00407365
0.0308849
0.0696298
0.0420802
0.0549549
0.0703949
0.104766
0.0599235
0.109648
0.0725126
0.0842394
0.10327
-0.0290308
0.112814
-0.0236039
0.0796778
0.0840133
0.0575113
0.0127652
0.0640931
-0.0193304
-0.0474722
0.0128279
0.0839477
-0.0184208
0.00687715
0.0655859
0.105623
0.0461111
0.0541566
0.0356893
0.02571
-0.026124
-0.00291509
0.081675
0.0548896
0.0149001
0.0947382
0.0521712
0.0755645
0.107068
0.0272582
0.0167875
-0.00655607
-0.0304498
0.104627
0.0691106
0.134492
-0.0423727
0.0304662
0.0840917
-0.000558824
0.0521194
0.0579244
-0.00656193
-0.0259935
0.117827
0.10419
0.087452
0.0979436
0.0921935
0.0971556
0.054982
0.0321884
0.0939052
0.0732122
0.02389
-0.0126688
-0.0151009
-0.0230781
-0.0167188
-0.0341854
0.0172655
0.0288869
-0.0312809
-0.0277413
-0.0263941
0.030502
0.0517215
0.0226414
0.129435
0.0508583
-0.0130782
0.0217328
-0.00719797
0.0868355
-0.0119682
-0.0148036
-0.0740081
0.0467378
0.0765555
0.135151
-4.35E-05
-0.0486234
0.00558924
0.0716628
0.0307006
-0.0270099
0.0357672
0.0799188
-0.0431493
-0.0470055
0.0197737
-0.0606061
0.0273896
-0.0151105
-0.0131329
0.00511779
0.0124022
-0.0105333
0.0807607
0.0150283
0.0780842
-0.0645579
0.0198921
0.115157
0.10277
0.0961625
0.0122083
0.0176932
-0.0270535
0.0565179
0.0863728
-0.00361254
-0.0399705
0.0233653
0.122135
0.0606763
-0.000775187
0.0815979
0.0486357
0.0709564
0.107197
0.103211
0.0564744
0.0635089
0.0660948
-0.0051651
0.03342
0.0106414
0.0307334
0.0464856
0.00966382
-0.0472086
0.0259987
-0.0578165
0.085671
0.0886054
0.0752042
0.100368
0.0139454
0.0641597
0.0745221
0.0223581
0.0587676
-0.0458466
0.0919574
0.0177848
0.0449808
0.0683929
0.0857775
0.0833085
-0.0237768
0.0152551
0.0792772
-0.0583819
0.119071
0.0837919
-0.0563431
-0.000652567
0.0693728
0.0953092
0.0896308
0.048369
0.079144
0.0480914
0.0747676
0.0875472
-0.0663695
0.0906698
-0.0457934
0.0821117
0.0910343
0.0276683
0.0493437
0.0643691
0.0634257
0.0428187
-0.0885548
0.0164717
-0.00625165
-0.0425529
0.0220391
0.075735
0.0406894
0.0484785
0.00958454
0.0247401
0.00866052
-0.0112196
0.0837526
0.0832691
0.0374429
0.124431
-0.0282069
-0.0132542
-0.0352104
0.0836137
-0.00756775
0.0871089
0.0175057
0.0192055
0.031646
-0.00972256
-0.00142146
0.0503521
0.0202432
-0.0553683
0.108486
-0.0691028
0.0564967
0.0543694
-0.0712561
0.0332432
0.0299623
-0.0682418
0.0353247
-0.0275958
0.0714557
0.0488887
-0.0062099
0.0263168
0.0528613
0.030285
0.114899
-0.041147
0.093562
0.0770554
0.0752545
0.0488988
0.0691408
0.0753086
0.0539479
0.0562235
0.0605984
0.0615741
0.133851
0.0771947
0.0116611
0.0638902
0.0106955
0.0425439
0.0370761
0.0313108
0.0340714
0.0602184
0.00192969
-0.0171502
0.0372002
0.0750573
-0.0121739
0.0622731
0.100359
0.0521529
0.132555
0.080963
0.107671
0.0174177
0.0389476
0.0613607
-0.0303161
0.123134
0.0289559
0.0621754
0.0150345
0.0877525
0.0683413
0.120781
-0.0322374
0.0800368
8.29E-05
0.124154
-0.0584024
0.0217568
-0.0254721
0.0907103
-0.0452066
-0.0440635
0.0912999
0.0568169
0.0263135
0.0218888
0.0746396
0.0575278
-0.0876618
-0.0184068
0.0059233
0.0032978
0.064315
0.0734117
0.0049813
0.0856088
0.031245
0.0486446
0.0417631
0.0311527
-0.0089145
-0.0227409
0.063987
0.107089
0.0751571
-0.0797835
0.0465431
0.0317739
0.0556152
-0.00364944
-0.0292077
-0.0233108
0.0153878
-0.0196154
0.047296
0.0662158
0.0314
0.0647039
0.0399038
0.0455383
0.0593993
0.0644802
0.0376733
0.0282726
0.0889365
0.0201457
0.00673171
0.0553117
0.0855193
0.0802596
0.115694
0.0323617
0.0901308
-0.0777198
0.0733966
0.0865304
0.0610296
0.0380259
0.0403065
-0.0331042
0.0947886
0.0732183
0.0533978
0.0332052
0.0931683
0.0266292
0.069407
-0.0171505
-0.00730881
0.0502641
0.097793
0.0192802
0.0726344
0.040653
0.0693272
0.120426
-0.0778172
0.0238775
0.0989541
-0.000866199
0.00735421
0.0362343
0.0621339
0.133004
0.0638936
-0.0472139
0.110595
0.0224346
0.0175797
-0.00554148
0.0646795
0.0948639
0.0323336
0.0358964
-0.0395178
0.031032
0.0235655
-0.0221426
-0.0288064
0.0182305
0.049411
0.0764621
0.00813078
-0.0424874
0.0634109
0.00681922
0.0340954
0.0658028
0.00085957
0.0495145
0.0114439
0.0455548
0.134177
0.00034724
0.0556551
0.0207815
-0.0198651
0.0327044
0.108908
0.0239689
0.0190267
0.0572254
0.111379
0.0299103
-0.00629321
-0.0225655
0.00543917
-0.0275451
0.0361768
-0.0110498
0.0706162
0.0962087
0.081737
0.0879026
-0.0230318
-0.0464317
0.0219388
0.0177187
0.0296648
-0.00806296
0.0780757
0.0723524
0.0254924
0.00218821
0.0694797
0.0974161
0.0469333
0.0372616
0.0962801
0.0415248
0.083986
-0.043912
0.0693748
0.0595453
-0.0366776
0.0669888
0.0398341
-0.00317614
0.0688793
0.0197135
0.0545328
0.00815852
-0.00852901
0.0873369
0.00937068
-0.00248951
0.0758511
-0.0426276
0.0588247
0.0199662
0.0103084
0.0350877
0.0209688
0.0534645
0.00709378
-0.00959465
0.0363086
-0.0501452
-0.00507012
0.0423503
0.071582
0.00283174
0.0455094
-0.0355724
-0.0111942
-0.0230753
0.105206
0.116325
0.00729866
0.0848959
0.0428507
0.0771629
0.0780546
-0.0699601
-0.0202526
0.0468758
0.0402123
0.0431364
0.0830671
0.0949269
0.0339144
0.0685417
0.0443237
0.0410014
-0.000110191
4.72E-05
-0.0420774
0.0219447
-0.012303
0.0131432
0.0202974
0.0606961
-0.00561957
-0.0686622
0.0726115
0.0324985
-0.0489623
0.0333648
-0.0496067
0.0435992
0.013202
0.0292766
0.0475053
-0.0521429
0.0318586
-0.126994
0.0533402
-0.0377488
-0.00146851
-0.0461785
-0.0270655
0.0756662
0.0965873
-0.0109442
-0.0447262
0.018697
0.0245582
-0.00573605
0.0793769
0.0286994
0.0521023
0.0101916
0.0274958
0.0566204
0.0270673
0.0416901
-0.0179647
-0.0382801
-0.0101765
0.0768725
-0.0238359
-0.0143192
0.0722741
0.0137858
0.0179395
0.0486363
-0.00960667
0.0258184
0.0638204
0.0131904
-0.0202928
0.0109215
0.0814616
0.0330867
0.0357348
0.103939
0.0150897
-0.0171229
0.0474745
0.0488553
0.0415301
0.0482397
-0.0363225
-0.0128797
0.0461038
0.0660265
0.00939495
0.0167458
0.0142951
0.0072876
0.0164504
-0.00336648
-0.0254325
0.0963029
0.123298
0.0312728
0.0569984
0.110865
0.0588573
0.0620518
-0.000179573
0.0619532
0.0768613
0.106951
0.0353012
0.0987827
0.09149
0.0218089
0.017804
0.106599
0.107707
0.039519
0.0325495
0.097176
0.0295909
0.00789788
0.00593079
0.0254709
0.0590061
0.0511105
0.0230343
0.0663905
0.0470904
-0.108139
0.0335134
0.0871475
0.043913
0.0662666
0.0864555
0.0901617
0.0748293
0.0905951
-0.0306068
0.0770395
0.0495676
-0.0291693
0.00332733
0.0468872
0.0216168
0.0544066
0.00607477
0.0644418
0.0983993
0.0618404
0.0793901
-0.0013311
0.061357
0.0622083
0.056045
0.11415
0.0883477
0.0648012
0.0970378
0.0254965
0.0620533
0.0409195
-0.0431595
0.00793672
0.00573845
0.0361233
-0.0574372
0.0911154
0.0284664
0.0563499
-0.0306865
0.040354
0.0685461
-0.000512162
0.130555
0.0196063
-0.00808985
-0.00695486
-0.0008189
0.0895778
0.147452
0.0943554
0.10996
0.116388
0.065559
0.0258489
0.108269
0.0865882
0.0545738
0.0657175
-0.0373207
-0.015886
0.107627
0.0514138
0.0493364
0.0843069
0.0796524
0.0631575
0.0657095
0.00427477
-0.0290878
0.0128754
0.0736282
0.0045002
0.0227622
0.0561412
0.0426322
0.0552087
0.00698935
0.0518091
-0.0271709
0.0938547
0.0137315
0.0565285
-0.00129735
0.0377697
0.0615802
0.0657597
0.0400479
0.00178008
0.000660985
0.0866073
0.0452757
0.0558945
-0.00106449
0.0390303
0.102513
0.0443469
-0.0135351
0.0891549
0.0796444
0.0664821
0.0346976
0.0657817
0.0657178
0.0537947
-0.0150013
0.0933474
-0.0631904
-0.00429605
0.000112244
0.0227946
-0.0382987
0.0274668
0.0190962
0.115618
0.0114144
0.00522494
0.0739397
-0.0142316
0.0838335
0.0821403
-0.0198649
0.0914824
0.018936
0.0782216
0.0689015
0.0914291
0.0992156
0.0718992
-0.0608582
0.00310993
0.093962
-0.0676892
0.0295455
0.0581903
0.113835
0.101081
0.0603123
0.0658816
0.0346014
0.113755
0.0235481
0.0618702
0.00958405
0.0620158
-0.0467233
0.0468484
0.0742549
0.0664724
0.088614
0.11989
0.0337319
0.0407364
0.0568282
-0.0389932
0.0654505
0.043818
0.0817612
0.0804453
0.0876981
0.0880195
0.0233884
0.00566849
0.0114968
0.0485528
0.153791
-0.031789
0.0531115
0.0602985
-0.0705044
0.0903398
0.0377215
-0.0305244
0.0598271
-0.0306676
0.0576001
0.0562016
-0.0219054
0.0141063
0.0112667
0.0544631
0.0351484
-0.033192
0.102508
0.0509742
0.0123409
0.0814112
-0.0138249
0.0804537
0.0507566
0.00152226
0.0403164
-0.0271529
0.0674547
0.0982124
0.068317
-0.0174887
0.0618178
-0.0216908
-0.0195512
0.012763
0.0700855
0.0763848
0.0198019
0.0336896
0.0998155
0.0725776
0.0823141
0.104608
0.0758484
-0.0440494
0.0309684
0.0169683
0.0983108
-0.0450162
0.0928276
0.101833
0.100515
0.035033
0.0968354
0.0698324
-0.0241211
-0.0230178
0.136468
-0.020395
-0.0355359
0.10471
0.0253294
0.0263489
0.0932282
0.044043
0.0647557
0.0632085
0.0355002
0.0677492
-0.0346074
0.0710691
0.0384174
0.0961091
0.0798948
0.0319539
0.0492581
0.019078
0.0391866
0.0671826
0.0338005
0.0804686
-0.00155806
0.0822233
-0.00526309
-0.00223651
0.0486038
0.0625234
0.0606712
0.0597529
-0.0417215
-0.0228041
-0.00699954
-0.0664657
0.0415265
0.09462
0.126983
0.0501612
0.0742178
-0.0840575
0.0810485
0.0166321
0.0943961
0.0826792
0.039992
0.0405897
0.028413
-0.0111674
0.0175228
0.0817026
0.0914369
0.00648717
-0.000522427
0.065671
0.0670904
0.0167337
-0.0664258
0.0271124
0.0158042
0.00542816
0.118411
0.0425521
0.0830025
0.0127845
0.0102201
0.0827082
0.00697866
0.0982561
0.044551
0.0315194
0.06811
0.060183
0.0568928
0.0463821
0.0177158
0.0682593
0.0244466
0.0363718
0.0197992
0.0568958
0.000546048
0.108771
0.0307652
-0.012858
0.012998
0.0452507
-0.0508552
0.0881406
0.0606687
-0.0413964
-0.010365
-0.00979455
0.0531906
0.0781408
0.00531889
0.0566152
0.0398377
0.0419361
0.0340303
0.0123182
0.0891887
0.00683929
0.0459914
0.0661661
0.0588669
0.0788434
0.0410416
-0.0686922
0.0764588
0.013416
-0.00423323
0.0418184
0.0439283
-0.0315491
0.00820149
0.0505748
-0.0097462
0.0666992
0.0230086
0.010321
0.0478337
0.109504
0.0398622
0.06333
0.0419885
-0.0553981
0.0422992
0.0273883
0.0883692
0.0353121
0.0248528
0.0415273
0.0543531
0.0742713
-0.0608333
0.0367605
0.0554748
0.0382686
0.0775812
0.0398887
0.0552675
-0.0223991
-0.0377692
0.0143721
-0.011147
0.042767
0.116257
0.0476359
-0.00674858
-0.0347963
0.0567683
0.0432371
0.0404193
0.0519387
0.0744145
0.0370951
0.100223
0.0016758
0.0374099
-0.0201656
0.0508343
0.0316273
0.0586484
0.0650263
0.0777069
0.00513094
0.0512341
0.108256
0.0485813
-0.0086861
0.0471011
0.0247641
0.0831501
0.0824575
0.0523583
0.0596085
0.122526
0.00673998
0.0900205
0.0123145
-0.00930284
0.0044928
0.0831499
0.0672121
0.0449059
-0.0352361
0.0369152
-0.0274418
0.105545
0.0723472
0.0700434
0.0999487
0.133639
0.00196393
0.0653614
-0.0304541
-0.0406754
-0.0224636
-0.0154749
-0.0491967
0.00795487
-0.0406847
0.070964
0.104242
0.103982
0.100926
0.117533
0.112547
-0.0031966
0.0796511
0.0347532
-0.0115954
0.0273837
0.0542281
-0.0443342
-0.0676254
-0.0318129
-0.0216505
0.0988424
-0.0607128
0.0414792
-0.0131665
0.00494234
0.0373528
0.0716247
0.0291283
0.072385
0.00698905
0.0531022
0.0568012
0.0978524
0.0451679
0.0102832
0.1181
0.0618921
0.0831394
0.0316725
0.0679971
0.0781824
0.109927
0.0998414
0.0157161
0.064748
0.0718606
0.0169525
0.0764936
0.0673178
0.0839207
0.0705801
0.0256914
0.00637829
0.0430433
0.0534373
0.0205012
0.0597126
0.0220707
0.077915
0.122026
0.0484028
0.0513864
0.0331547
0.0555102
0.0479411
0.0249141
0.0694993
0.0590233
0.0220355
0.144802
-0.0286898
0.0449454
0.0366048
0.069236
0.0771493
0.0483896
0.0415039
-0.00593238
0.058714
0.130665
0.0224433
0.0947224
0.071876
0.0524607
0.00764522
0.0494702
0.0312246
-0.0721639
-0.0363349
0.0555755
0.00710303
0.0470761
0.0773734
-1.53E-05
0.0366175
0.012964
0.0553713
-0.0300383
0.00271303
-0.0402547
-0.00483068
0.0804803
-0.0341067
0.0409118
0.0244508
0.05102
-0.0508431
0.0397112
0.025266
-0.0164452
0.124937
0.0170129
-0.0472812
0.0358915
0.0316554
0.105065
0.0638593
0.0145353
0.0309541
0.0439809
0.153153
0.0477982
0.04269
0.093723
0.0322414
0.0620392
0.0488742
0.0642941
0.0285893
0.0502552
0.0457443
0.0769656
-0.0612156
0.0635049
0.0690056
0.00999444
0.0984595
-0.00516901
0.056067
0.0800442
0.0901568
0.0212343
-0.0650361
0.0680345
0.0258171
0.0299293
0.0610478
0.00790545
0.00596738
0.0810891
0.0230102
0.046676
0.0704848
-0.00469644
-0.00255048
0.039261
-0.00873365
0.0297545
0.0516243
0.00970289
0.0509119
-0.0261888
-0.0293527
0.00289756
0.044142
0.0423645
0.0459987
-0.0327583
0.0495467
0.0402372
0.0684496
0.0818865
-0.00686014
0.001586
0.0661199
-0.0759084
0.0540831
0.0625172
0.037343
0.0409196
-0.00786924
0.0467572
0.0584902
-0.00965725
0.082858
0.0131879
0.0532939
0.0388461
0.0784905
0.0801205
-0.0215289
-0.0221231
-0.00660168
0.00107579
0.034243
0.0123076
0.0272147
0.0119142
0.0859329
0.0615084
0.0266583
0.0612837
0.0272338
0.0598621
0.0780565
-0.0854299
0.0485423
0.0731697
-0.00588766
0.0413164
-0.0172641
0.0363895
0.0482841
0.0668967
-0.00324471
0.0742329
0.0621883
-0.0422693
0.0973004
0.0648277
0.0228717
0.136588
0.137761
0.00218989
0.0608805
0.028166
0.0988813
0.062233
-0.0359117
-0.0577283
0.0562406
-0.0511776
-0.0798619
0.0273091
-0.0376456
0.0484107
0.0337239
0.0118275
0.025318
0.042294
0.0955728
0.0231594
0.0880946
0.10253
0.0187222
-0.00156975
-0.0367677
0.0932751
0.00703885
0.0298424
0.017219
-0.0500857
-0.0603578
-0.0344848
-0.0285654
0.0245414
-0.0376967
0.00446577
0.0714748
-0.0875652
0.0764093
-0.0237181
0.0617957
0.0782487
0.0753818
0.0124818
0.0582151
0.00370139
0.0166712
-0.00013711
0.075472
0.0758482
0.0229017
0.00161109
-0.0209288
0.0918823
0.0767306
0.0280525
-0.120767
0.0282419
-0.0233928
0.0711138
0.121878
0.0242151
0.0429942
-0.00133976
0.0261051
0.0503829
0.0154239
0.0168473
-0.0247473
-0.0676409
0.0362229
0.087509
0.0477931
-0.0279639
0.0216881
-0.0351794
-0.0748836
-0.100089
-0.00439916
0.10367
0.0154263
0.0329668
0.0635146
0.00939742
0.00582063
0.0278047
-0.0137652
0.0842244
0.031022
-0.0777451
0.0797493
0.0551979
0.0866173
0.0584436
0.008226
0.0573599
0.0328476
0.0758891
0.0496558
-0.0529301
0.0662768
0.0704156
0.0914899
0.0897425
0.0664946
-0.0276142
-0.0738968
0.0804447
0.0645995
-0.011609
0.0579034
0.0268117
0.0738094
0.0268613
0.0555704
0.00187371
0.0318729
0.0362539
0.0178723
0.0317913
0.022507
0.00821136
0.0392331
0.0549169
0.0266122
0.082457
0.0368703
0.00308581
0.0139088
0.045836
0.0781207
0.109959
0.0849096
0.087118
-0.0243304
0.105453
0.079134
0.0490716
0.0774589
0.119059
0.0972896
0.0141538
0.048735
-0.0415822
-0.0049343
0.0464549
0.0548445
0.0870482
0.0236704
0.0242223
0.130777
-0.0584284
-0.00506093
0.0722761
-0.00640743
-0.0594303
0.0668883
0.0957917
0.065519
0.00555901
0.0332498
-0.0247548
0.0239424
0.0908286
0.0145556
0.0110218
0.0932267
0.072547
-0.0408434
0.0591492
0.0531043
0.0730191
0.012562
0.0776787
0.0553051
-0.0354147
0.143241
0.0848314
0.026488
0.123874
-0.0331988
0.0656487
0.0410497
0.0112943
0.0358962
-0.0122623
-0.027873
0.0864468
0.0226879
0.101516
0.0641395
-0.015811
0.0308658
0.0241465
-0.0439042
-0.0138594
0.0463586
0.0513463
0.0626799
0.0905423
0.0473172
-0.0170635
0.0613384
-0.0201777
0.0734914
0.0705465
0.0555356
0.0267162
0.0731527
0.0447983
0.0617417
-0.0285935
0.117329
-0.0443085
0.0502877
0.104309
0.0896331
0.059904
0.0705843
-0.0091128
0.0768093
-0.0405708
0.0255916
0.0610176
0.0809742
0.0999312
0.106377
0.113008
0.0945233
0.0294024
0.0777994
0.0985334
0.0883642
-0.0361667
0.116832
0.069546
-0.026209
0.0201999
0.0790191
0.0164141
0.0759937
0.107642
0.120297
-0.0190315
0.0301375
-0.0440783
0.00478122
0.0321405
0.0344187
0.00298397
0.146389
-0.0102545
0.107225
0.0696525
0.0522482
-0.0245592
-0.0400484
0.0678529
0.0404953
-0.0476997
0.0590726
0.0756259
0.119064
-0.0419903
0.083938
-0.0901886
0.0401223
0.0382391
-0.090766
-0.0463926
0.0176136
0.0953814
-0.0203706
-0.019732
0.0219254
0.0016167
0.10704
-0.00419524
0.0715386
0.0683021
0.0734389
0.121915
0.0561251
0.0501141
-0.0456383
0.010131
0.0670619
0.0168692
-0.0559594
0.0315788
0.0422902
0.049946
0.0233716
0.075577
0.0405181
0.0989562
0.0562459
0.0343684
6.00E-05
0.0918269
0.0259704
0.0450216
0.0571166
-0.07598
0.0473688
0.0360653
0.0397208
0.0153189
-0.00763847
0.115706
-0.0513739
-0.0077238
0.0881694
0.072871
0.0702323
0.091548
0.0635184
0.0959166
0.0932367
0.0570244
0.0922347
0.0429938
0.0732456
0.0227585
-0.0351737
0.0541158
0.00877159
0.0427842
-0.0305617
0.0224041
0.0428221
0.0268587
0.0129486
-0.0113678
0.0439518
0.0238168
0.0216821
0.0294791
0.0131723
0.035672
-0.0243013
-0.0732207
0.0480938
0.033955
-0.0487945
0.0698653
0.0435121
0.0395253
0.033349
0.0396522
-0.00730905
0.0113383
-0.0147983
0.0644304
-0.103846
-0.00190311
-0.0194348
0.0354557
0.0402024
0.0789093
0.0621255
-0.00116118
0.0679064
0.0742763
0.0334768
0.108291
0.108828
0.0919736
0.0811744
0.032604
0.0463362
0.0254544
-0.0241228
-0.0134369
0.0195831
0.0122531
0.0681474
0.0656135
0.070199
0.104517
0.0993308
0.132784
0.00608474
0.124115
0.105213
0.0750483
0.0775861
0.0918194
0.0943504
0.0715916
0.0587544
0.0675919
0.0854774
0.0492946
0.0439386
0.0986157
-0.0105742
0.0419428
0.0502251
0.0607933
0.0540258
0.0919181
0.0436605
0.0828726
0.0628761
0.0577246
0.0881579
0.089882
0.0527642
0.0653142
0.0113101
0.0731048
0.0782782
0.00376599
0.0723101
0.0519026
-0.0242848
0.0841107
0.0253867
0.0835908
0.0385276
0.0573534
-0.0456791
-0.000287075
-0.0106001
0.0320636
0.0875101
-0.0477255
-0.060215
0.039194
-0.0500524
0.125142
0.0354475
0.0723097
0.0919561
0.0649059
0.0595306
0.0879396
0.121547
0.0339643
0.12089
0.120079
0.0806988
0.0113853
0.0860523
0.0940926
0.0765306
0.0995863
0.0618564
-0.0683502
0.114276
0.0588133
0.053489
0.0894982
-0.0277346
-0.000848747
0.0992807
0.0399435
0.0450197
-0.0227316
0.0100243
0.0960484
0.114616
0.0698185
0.050857
0.0866922
-0.0144952
0.0244647
0.0433626
0.131697
0.0369005
0.0609571
0.0643228
0.058986
-0.0387555
-0.0162299
0.0759793
0.0547396
0.055647
0.10204
0.111715
0.035953
0.0935165
0.111178
0.0398765
0.050023
0.122408
0.00291422
0.045047
0.111907
0.00706487
0.0798892
0.0568856
0.0732943
0.0763122
0.0193946
-0.00629991
-0.0105923
0.035641
0.0815455
0.111072
0.0786577
-0.0164286
0.114837
0.0999141
0.0125647
-0.0497322
0.0705743
-0.0345909
0.0757795
0.025627
0.0539558
0.0776096
0.132285
0.0289158
0.104768
0.0529666
0.032489
-0.0233153
0.0880651
0.0417437
0.102335
0.101028
0.0741872
0.0210428
0.0546523
0.0730885
0.0906647
0.0687941
-0.00195819
0.0499553
0.0452867
0.0337928
0.0380416
0.0329454
-0.00234802
0.103518
0.0886333
-0.00722533
0.0365677
0.0534019
0.0116286
0.0591927
0.0697806
0.127841
0.0610096
0.0724924
0.0714955
0.069691
0.102779
0.0204343
0.0612933
0.134914
0.0154157
0.055416
-0.0222385
0.0183528
-0.0737725
0.0683602
0.0693316
0.0464282
0.101422
0.1106
0.0409037
0.117274
0.0912416
0.0619773
0.013051
0.025217
0.0165847
0.0665585
0.102288
0.0301011
0.113192
0.123928
0.125514
-0.00107585
-0.0829089
-0.000360949
0.0998178
0.128131
0.0647419
-0.004803
0.0809936
0.069869
0.0513265
0.0249181
-0.0208779
-0.0402506
0.0860907
0.0172701
0.0424032
0.0769843
0.0968725
0.0877416
0.0733536
-0.00842524
0.0638549
0.0425721
0.0678685
0.0302389
-0.0557414
0.093101
0.0764573
0.0325297
0.0948672
0.00310937
0.0145738
0.0595457
0.0631489
0.0159798
0.0401343
0.105507
0.0570529
0.0326149
-0.0728141
0.0386535
0.132384
0.0296445
0.0153271
0.0125192
0.0736792
0.00559852
0.0441863
0.0798305
0.0302282
0.020995
0.0425751
-0.0203164
0.0576838
0.0571661
0.0257391
0.0648698
-0.0302415
0.060832
0.109324
0.078189
0.0360669
0.00429641
0.102951
0.0881851
0.0961439
0.0678423
0.0456639
0.00664261
0.0641337
0.0871005
0.0697974
0.00120044
-0.0102418
0.0571499
0.0805603
-0.0570322
0.0711778
0.0661066
0.0656573
0.0887479
0.0504248
0.0468998
0.0657276
-0.0110951
0.0349762
0.0111112
-0.0528903
0.072888
0.0640714
0.0745093
-0.0250149
0.0863953
0.00954796
0.0813882
-0.00143867
-0.00542186
0.0300476
-0.0501952
0.0620118
0.0640119
0.0156123
0.0424632
0.0506697
0.0907255
-0.0376158
0.0197737
0.0111062
0.0311313
0.0331669
-0.0173015
0.0900231
0.108118
0.0471674
-0.0366421
-0.0104773
0.0582561
0.0748207
0.0122935
0.013803
0.0615382
0.0225866
0.051834
0.128361
0.111068
0.0391767
0.0311818
0.0604356
0.0816319
0.0439813
0.103592
0.0316469
-0.00933827
0.0637218
0.0100788
0.0109128
0.112921
0.08289
0.0505502
0.127076
0.0359737
0.0887929
0.0818029
-0.0345486
0.0478169
0.109976
0.0857388
0.0780883
0.0566852
0.0621986
-0.0110802
0.104837
0.10405
0.0603857
0.085077
-0.0657458
0.0718407
0.0673489
0.0734713
0.029
-0.049963
0.00119931
0.119792
0.0864173
-0.00904006
0.066869
-0.0359707
0.038727
0.0913152
0.0547489
0.0524113
-0.0273367
0.0315693
0.00335062
0.100508
0.0597639
0.0850774
0.112817
0.0778352
0.0909203
0.114895
0.0866541
0.00390134
0.0191768
-0.050089
-0.0314831
0.036469
-0.0303378
-0.0283935
0.0411007
0.0379358
-0.000413108
0.0619898
0.0906321
0.0325251
0.0350043
0.0531143
-0.0085787
-0.0263957
0.0998721
0.114567
0.084123
0.106947
0.0778003
-0.0772879
0.09178
-0.0240553
-0.0300317
0.0279703
0.108283
0.0192962
-0.0152872
0.0741135
-0.0314738
-0.00837177
0.0493364
0.0357993
0.0185902
0.0234004
0.13986
0.0531327
-0.036271
0.0792169
0.0871696
0.00214801
0.0286619
0.00120324
0.00456014
0.0490737
0.0931937
-0.0028513
-0.00273392
-0.0396653
0.0832632
0.0406578
0.0518663
0.0603918
0.0325234
-0.0178694
0.00134472
-0.0751463
0.0508033
0.0969362
0.0663147
0.074404
0.0348394
0.102294
0.0119792
0.120875
0.0590324
0.0755856
0.0712777
0.0937708
0.0825209
0.0659277
-0.0323184
0.031544
0.0795343
0.0184326
-0.0586327
0.0589934
0.0314908
0.119448
0.0830895
0.0780533
-0.0417196
0.0572131
0.059002
-0.00175519
0.0847744
0.0538324
0.0684135
-0.0033773
0.0363363
0.0309396
0.0824429
0.0166381
0.0834069
0.0477673
0.101218
0.104139
0.0641944
-0.0425772
0.0701878
-0.0103002
-0.0472892
0.0102641
-0.00980567
0.054921
0.0612854
-0.0797194
0.016572
0.114582
-0.084458
-0.0552036
0.0216868
-0.0787115
0.0347211
-0.00230926
-0.074982
0.033709
0.0240582
0.0354004
0.0761572
0.014812
0.0248515
0.0799929
0.0738299
0.0485831
0.0600857
0.0800854
0.0780586
0.108021
0.0589441
0.0064947
-0.0292772
0.0183862
0.102892
0.032043
0.0502397
0.00941983
-0.00632516
0.0875022
0.0255724
0.0184066
0.0786462
0.010561
-0.022931
0.0780158
0.0649894
0.0398187
0.054537
-0.0562414
-0.00683313
-0.0197014
0.0609052
0.0474059
0.0738488
-0.0315447
0.0581734
0.0481909
-0.0190116
0.000779072
0.0559928
0.0911937
0.049099
0.0668496
-0.000150163
0.0807667
0.0578634
-0.0454265
0.0740496
0.0635536
0.0720289
0.129064
0.0318487
0.00358458
0.0733346
0.0214572
-0.000396929
-0.00779045
0.0215477
0.104478
-0.00627459
0.0760082
0.0813594
0.0855855
-0.0623387
0.0411851
0.0344197
-0.0193621
-0.0267459
0.0904936
-0.0339149
0.0427987
0.0409413
0.0301897
0.0579126
0.0901509
0.118312
0.0673764
0.117387
0.0110858
0.112525
0.109817
0.0937523
0.0276211
0.0917154
0.0688212
0.0999488
0.00616714
0.108298
0.130281
0.0744829
0.0689804
0.0839633
-0.0175829
0.0345035
0.0359631
0.0940019
-0.00429543
0.0465115
0.0755264
0.078719
0.0346441
0.00688824
0.0574972
0.0633854
0.0949544
0.0558034
0.0441179
0.0633223
0.051986
0.0929004
0.0969627
0.105177
0.0811081
0.092055
0.00651621
0.0833801
0.0939697
-0.0143271
-0.0317984
-0.129761
-0.00595243
0.0274551
0.0700578
0.00900915
0.00681853
-0.0232641
-0.0487826
-0.0107878
0.0124398
0.00520285
0.0883212
0.0428648
0.0268951
0.0517163
0.07422
0.0617156
0.0610204
0.0304059
-0.0125273
0.0120266
0.0542408
0.026495
0.0845859
0.0903778
0.122398
0.0204759
0.0471997
0.081074
0.0039109
0.101947
0.0857611
0.0992001
0.10011
0.0570346
0.0466554
0.0571965
0.0888218
0.0809805
0.0941191
0.0520117
0.0788536
0.0888651
0.0301718
0.0458511
0.0604459
0.0081674
0.0975683
0.0640137
-0.0298354
0.106023
-0.0521245
-0.0345825
-0.00662413
-0.0302626
-0.0708534
-0.0502892
-0.044025
-0.10171
0.0352106
-0.106732
0.0126358
-0.0745841
0.105975
-0.0106654
-0.0157295
-0.00579396
-0.0333325
0.134822
0.0781843
-0.0660645
0.0333241
0.085424
0.0459974
-0.000780833
0.0218093
0.0307414
0.0520431
0.0373535
0.0645747
0.0184319
0.0114768
-0.0385972
0.0499191
0.105774
0.022785
-0.0271344
0.0508065
0.00152095
0.0774617
0.0452873
-0.0157484
-0.0217192
0.0126715
0.0520033
0.0433842
0.0559269
0.0374396
0.0734574
0.0992477
-0.0120306
0.0552932
0.0537292
0.0185903
-0.00160391
0.0696709
0.0521025
0.00809587
0.0328083
-0.0371551
0.0433329
0.0268014
0.115541
0.066783
0.0687189
0.0398289
0.0263279
0.0139165
0.0213053
0.0841786
0.0889383
-0.0606392
0.0695926
0.0854588
0.09341
-0.0451708
0.0109016
0.0404722
0.0589886
0.0653944
-0.0435694
0.0052037
0.128289
0.0489574
0.0447094
-0.00505394
-0.0882066
0.0530289
0.0811836
0.0165868
0.11878
0.0302948
0.0585935
0.0031267
-0.067668
0.0597066
0.0618508
0.0110199
0.0862507
0.0431441
0.0348474
0.0913295
0.0685893
0.0364483
0.0985967
0.0440812
0.0584263
-0.0268368
-0.0172839
0.0687596
0.0620853
0.0108548
0.092846
0.143757
0.0037569
-0.0160958
0.0129325
0.0385517
0.0131231
0.0649199
-0.016742
0.0407642
0.0572248
0.044224
0.00772896
-0.000702355
-0.0236261
0.0448105
0.0428635
0.0776369
-0.0408295
0.0956788
-0.0365895
0.0460709
0.00408807
0.0820376
0.0642967
0.11566
0.0696319
0.00955787
-0.0179168
-0.0238886
-0.0333072
0.0401722
0.114369
0.0692538
0.0533394
0.0874127
0.00784179
0.0541682
0.0347402
0.0138473
0.0412257
0.0581703
0.0170828
0.10744
0.023853
0.0403024
0.0728896
-0.0198422
0.0522519
0.0673502
0.10966
0.0237588
-0.00737508
-0.0232138
0.0875386
0.00322501
0.111827
-0.0203388
0.00565223
0.055781
0.0995053
0.067996
0.131917
-0.0147803
0.0414548
0.00686318
0.00219872
0.0935398
-0.00727002
0.0912545
0.0871352
0.0788795
0.021891
-0.0240353
0.000219059
0.052283
0.0473288
0.11114
-0.0764318
0.112575
0.0379027
0.0732905
0.0345764
0.105571
0.00627896
-0.0536467
0.0431872
-0.000297054
0.0648148
0.0444452
-0.0486331
0.0674738
0.055061
-0.0593149
0.0151826
0.00725987
-0.0576596
0.0494647
0.136357
0.0146833
0.0929686
-0.0346288
0.0606471
0.0350135
0.0678577
0.0263533
0.00835389
0.0862092
0.0560969
0.0265472
-0.0127693
0.0376431
0.0853793
0.0265974
0.0558981
-0.0306728
-0.0597374
-0.0193914
0.0482977
0.0646876
0.0219724
0.0908602
0.0605918
0.00409444
-0.0558667
0.00355578
0.0227219
0.0714072
0.00768513
0.0903802
0.0972562
0.0736288
0.104406
0.124141
0.0345246
0.0481758
0.047934
0.0817766
0.0185059
0.000996128
0.0677679
0.0127931
0.0718478
-0.0151102
0.101275
0.0716996
-0.0157755
0.0252906
-0.0192788
0.0797275
-0.0215911
-0.00788793
-0.0128893
0.0503509
-0.0398714
-0.0175268
-0.0499355
0.0711966
0.0747993
0.0742031
0.0438281
-0.0141141
0.031849
0.0250751
0.0753156
0.0759547
0.0175914
-0.0235923
0.0462303
0.126652
0.0621531
0.0623511
0.0347901
0.0811977
-0.0285299
0.065553
0.0559442
0.0310254
0.105632
0.0138023
0.051179
0.0119707
-0.00313328
0.0321543
0.0393905
0.113752
0.0381821
0.00776685
0.0167531
0.105143
0.00984722
0.0848573
0.100918
0.0677786
0.0314505
0.062704
0.0777796
0.0949433
0.0667201
0.0899097
0.0821093
-0.0267101
0.0556037
0.0253862
0.101011
0.0774729
0.064554
-0.0466989
0.0986712
-0.0166598
0.0876695
-0.0339353
0.0319804
0.105661
0.0296172
0.0113082
0.0801632
0.0231017
0.0604417
-0.034259
0.0350411
-0.00785545
-0.0437454
0.0172635
0.038946
0.0774184
0.026029
0.115262
0.0392694
0.0966968
0.0912722
0.0929313
-0.0764759
0.0207392
0.0709872
0.0528308
0.067954
0.0912169
0.111344
0.0762779
0.0891733
-0.0219345
0.0277185
-0.0183814
0.0629847
0.00119068
0.0987109
0.0469164
0.0647985
0.115661
0.11546
-0.00642213
0.0510145
0.0759135
0.098377
0.062736
-0.0214157
0.00244306
0.0696829
0.0539625
0.113314
-0.028696
-0.0650201
0.0682268
0.0468735
0.0922964
0.0528732
0.0514218
-0.0182417
0.0926824
-0.0233142
0.130142
0.0653922
0.080985
0.062908
0.0097762
0.0567411
0.0908577
0.0479164
-0.00351315
0.0313125
0.0116208
0.0619889
0.0413195
0.036942
0.0922153
0.0441408
0.0488857
0.0386466
0.0599669
0.0888895
0.0770471
-0.0245958
0.09633
-0.0537835
-0.0274719
0.0259644
-0.0661648
-0.0115527
0.0278481
0.0360166
0.0886052
0.105871
-0.0333306
0.0772227
0.0282736
-0.0394487
0.0197373
-0.0360578
0.0369811
0.0359387
0.0613663
0.107482
0.0433064
-0.00273965
0.0130454
0.120007
0.0047746
-0.00850582
0.0721995
-0.0105587
0.0173995
0.0367141
-0.0306178
-0.0379089
0.100785
-0.0269976
0.0502694
0.0081275
0.0303792
-0.0498093
0.0361438
-0.0603089
0.0577758
0.04815
-0.0400432
0.0166465
0.0425464
0.0946707
-0.020332
0.000416235
0.0671561
0.119968
0.0658326
0.0795998
0.0444733
-0.0617365
0.0582321
-0.019939
0.0113472
0.0235421
0.0503992
0.0703942
0.0761812
0.0194345
0.102599
0.0674891
-0.0469816
-0.0394204
0.0790466
0.0719237
0.0777408
0.0939376
0.0702968
0.0465647
0.0768952
0.0827034
0.00579994
0.0654324
0.0544283
0.0654124
0.0546987
0.141628
-0.0393409
-0.0431492
0.0486049
0.0262093
-0.000525678
-0.0183223
0.133063
0.014727
0.0348721
0.00816985
0.0795181
0.0724515
0.0340436
0.058065
0.0281694
0.0242587
0.0732288
0.030129
0.0589618
0.0683285
0.0425057
0.0629221
0.0698082
-0.0197416
0.0349754
-0.0580477
-0.0175623
0.0230742
-0.00436925
-0.00822368
0.111549
-0.0835539
0.0281587
0.0877042
0.0134008
-0.00956925
-0.0715057
0.0263671
0.0248251
0.0776013
0.0189277
0.0202511
0.0635719
-0.0130154
0.0632405
0.0401738
0.0307503
-0.0247466
0.0401648
0.110089
0.0353104
0.0778247
-0.0345947
0.0695538
0.0312516
-0.024086
0.0594075
0.04613
0.0198299
0.0732467
0.0439412
0.036252
0.0321972
0.0407884
0.0894341
0.0140618
0.097393
0.0603376
0.0404084
0.0802415
0.0372264
-0.0169255
0.0798727
0.133702
0.115203
0.128953
0.0998806
0.0704259
0.0424595
-0.0301877
-0.00285976
0.0872844
0.0503232
0.0554657
0.0827376
-0.0238669
0.101591
-0.00260334
0.0914743
0.0255548
0.0959668
0.0679251
0.130983
0.0354832
0.0309447
0.0257937
0.0989501
0.0662148
0.0583671
0.0296433
0.0944893
-0.0083975
-0.0268949
-0.0465413
0.07199
0.0523613
0.140139
-0.0360133
-0.089993
0.0501945
-0.0179586
0.00709963
-0.0769749
0.0102131
0.0965305
0.089198
-0.0157566
-0.000800039
0.053515
0.0223862
0.0222277
0.0887727
0.0779636
0.0693474
0.0747619
0.0132916
-0.00506819
0.0274689
0.0609963
0.10936
0.0366475
0.036041
0.0828623
0.0216177
0.0614967
0.0867124
-0.00672384
-0.00380879
0.0154793
-0.0398005
0.0698404
0.043228
-0.00584348
0.0235121
0.0601901
0.00734665
-0.0492363
0.0263868
0.0368858
0.0594481
0.0293034
0.0215143
0.0492696
-0.00228541
0.100613
0.00425644
-0.0108864
-0.0342778
0.0405108
0.110341
0.0254363
0.0369887
0.00827253
0.0250703
0.117009
0.111065
0.0804393
0.126411
0.0585402
0.0151059
0.112942
0.0614852
0.0614035
0.0859438
0.154193
0.120506
0.0983652
0.0791987
0.0938493
0.0843483
0.0491569
0.0802214
0.0560143
0.078763
0.0619273
0.00271467
0.0284707
0.0356948
0.0547171
0.0962836
0.0842154
0.107766
0.0298894
0.037172
0.0848941
0.0925598
0.0852637
0.0428779
-0.0634477
0.00372601
0.0345667
0.0466852
-0.0736578
0.0821593
0.057503
-0.0370226
-0.0124475
0.048246
0.0608389
0.0917005
-0.0405879
-0.0367332
0.0476211
0.0676919
-0.0107992
0.070527
0.0722625
0.0995749
0.0740458
0.0893124
0.113107
0.101364
0.0581677
0.0396393
0.053089
0.0473839
0.029503
0.0813818
-0.0249853
0.0534606
-0.037296
0.0977241
0.029448
0.0951326
0.0983699
-0.0255751
0.0875439
0.0522707
0.0245869
0.111711
0.105676
0.057206
0.0948
0.0522717
0.0836538
0.051041
0.0392892
0.0682924
0.101694
0.039522
0.054088
0.0530342
0.0815852
0.0793386
0.110342
0.047199
0.0753763
0.0902484
0.0818167
0.0722568
0.0704732
0.0930263
0.023632
0.0584404
-0.0206757
0.0484716
-0.0194019
0.108585
0.0184597
0.0405261
0.112929
0.0219953
0.0702683
0.0559598
0.0314097
0.0672191
0.0994458
0.154805
0.0725936
0.0947865
-0.0241736
0.0603802
0.0326886
0.0382997
0.044328
0.0202051
0.00997993
0.108817
-0.0400096
0.076892
-0.0264897
-0.00288429
0.00804174
-0.00252532
0.061018
0.00661587
-0.00524796
0.0846256
0.0794151
0.0925109
0.0434465
0.0617131
0.0458044
0.0305675
0.0953964
0.0150235
0.0759915
0.103839
0.110815
0.011766
0.107657
0.0676962
0.078851
0.000315123
0.0833797
0.051002
0.104736
0.0911299
0.0930752
0.0314652
0.0117763
0.0954519
0.0942585
0.0750688
0.0680302
0.0538959
0.0656983
0.0509075
0.085279
0.074464
0.037914
0.0896745
0.0422707
0.00551674
0.00744351
0.0678748
-0.0597792
0.0741451
0.0759085
0.0465635
0.0414864
0.0204337
0.0464156
0.0574617
0.0039448
0.00381844
0.0695403
0.0929099
0.02759
0.0714975
0.0836763
0.0374159
0.0681279
0.0339514
0.0461538
0.0337776
0.0129417
-0.0109732
0.0254154
0.0522792
0.106972
0.00368966
0.0167648
0.0232144
0.0279742
0.129647
0.0841154
0.0732916
0.052888
0.0603532
0.0694783
0.0233047
0.0659752
0.0573126
-0.00326577
0.10999
0.0579858
0.0526458
0.0495021
0.023813
-0.00490835
-0.00562892
0.0320875
0.0175265
0.0291684
0.0191869
0.0611491
0.0674902
0.0972148
0.0191955
0.0877575
0.0590686
-0.00979778
0.0508145
0.0380584
0.0693936
0.0638362
0.053939
0.0362045
0.0369209
-0.0135522
0.0156522
0.0225482
0.105661
-0.0308868
-0.0178168
-0.0298431
-0.039756
0.0216161
0.03345
0.0302202
0.106363
0.0858424
0.0508589
0.0370379
0.0622596
0.0513763
0.0638723
0.0365292
0.0484227
0.00923304
0.131369
0.113158
-0.0306141
0.131969
0.126773
0.119429
0.0737445
0.0523778
0.153384
0.127655
0.0838184
0.131904
0.134633
0.0426865
0.010286
0.0641653
0.114084
0.09395
0.0992571
0.123951
0.0866321
0.0599693
0.0894751
0.0760702
0.0467585
0.0949204
0.0882327
0.0503026
0.0878809
0.104838
0.0894057
0.0608627
0.0830292
0.0760422
0.00270771
-0.0176119
0.100857
0.0296229
-0.00940669
-0.0301261
0.0402507
0.0932174
0.00825024
0.0829755
0.0446008
0.0484126
0.0463466
0.0940071
0.010302
0.0795433
0.0128557
0.00353007
0.0612493
0.0467961
0.0390824
0.0400879
0.0249888
-0.0286413
0.0837494
0.0647225
0.0173273
0.0266665
-0.00349125
0.0292715
0.00137927
-0.0177955
0.0265506
-0.0285759
-0.0637215
-0.018006
0.0301033
0.089277
0.0195391
0.0235652
0.0278123
0.00878636
0.0778802
-0.000734371
0.0905094
0.0245216
0.010341
-0.0285149
0.108551
0.0504672
0.0266206
0.00302771
0.0145863
0.11064
0.014701
0.0749173
-0.00443248
0.0365716
0.0733525
0.0357591
0.0656911
0.0396002
0.0839525
0.0161295
-0.0915862
0.0568856
0.00511349
0.0116302
0.026339
0.0467542
-0.0125064
0.0145572
0.027293
0.0582693
-0.0548017
0.0381157
-0.0103043
0.0669539
-0.00440619
0.00645804
0.0368845
0.0483973
-0.0379993
0.014328
-0.0538994
0.0494636
-0.00626685
0.0217612
0.050351
0.0295608
0.0595772
0.0103589
0.0251318
0.0859001
0.0652904
-0.022241
-0.0156937
0.031477
-0.0285257
0.015052
0.0630339
-0.0179527
-0.0114133
0.0509996
0.0586669
0.0445741
0.046205
-0.01639
-0.0128293
0.0127399
0.0244928
-0.031795
-0.0107209
0.0231407
0.0457485
-0.0362568
-0.0674303
0.0663438
0.00784355
-0.00194964
-0.00112388
-0.0674628
0.000628434
-0.142462
-0.0417631
-0.00636793
-0.076272
-0.012392
0.0120849
0.0285835
-0.0758454
-0.0573956
-0.0465628
-0.0684653
-0.0521481
-0.0698292
-0.00501994
-0.0525637
-0.00101041
-0.0836212
-0.0530002
-0.0150723
-0.0100732
-0.0627916
-0.0196228
0.0153242
-0.0710806
0.031615
0.00244294
-0.00386828
0.0158352
-0.027197
-0.040868
-0.039737
0.0016048
-0.0415574
-0.0418437
-0.0466256
0.0232731
-0.0413921
-0.00894502
-0.0107903
-0.0438809
0.0334464
-0.00830926
-0.115666
-0.102568
-0.00992949
5.22E-05
0.0034436
0.0276108
-0.0481842
-0.0877436
-0.0417815
-0.0588627
-0.0145793
0.0468454
0.00562124
-0.0600646
0.0049407
-0.0389943
-0.00308557
0.00735548
-0.0698199
-0.0664049
-0.0558929
-0.0679759
0.0448772
-0.0258316
-0.0222128
-0.0640151
0.0177496
-0.0444164
-0.0248625
-0.0306252
-0.033677
-0.00458597
-0.0450765
0.0338167
0.0523332
4.50E-05
0.0379493
-0.00642016
-0.0358912
0.010029
-0.0558443
-0.064694
-0.00386108
-0.0983957
-0.00804294
-0.022102
-0.0438743
-0.0204575
0.00994511
-0.0387063
-0.00758267
-0.0442186
-0.0159622
-0.017426
-0.0388326
-0.0494647
0.00114419
0.018579
0.0333641
0.000480181
-0.0589287
-0.00948316
-0.0591077
-0.0823256
-0.0291477
-0.00885902
-0.0853857
-0.00265167
-0.0442327
0.0540044
-0.0170477
-0.0417732
0.0336245
-0.0463852
-0.0309946
-0.0329401
0.0139243
0.0238102
-0.0643754
-0.0581551
0.00124092
-0.0154382
-0.0727752
-0.0356638
-0.0328309
-0.0319461
-0.0106962
-0.0379137
-0.053518
-0.0216931
-0.0640244
0.0213961
-0.0423421
0.00824794
-0.0551254
-0.042401
0.0598108
-0.0406272
-0.0440645
-0.024912
-0.0893337
-0.0207534
0.0472959
-0.0522264
-0.000188893
0.026425
0.0215686
-0.0434648
-0.084462
-0.0339843
-0.0360899
-0.0972065
-0.0335347
0.00204511
-0.0480355
0.0732839
-0.0377589
0.0193854
-0.0146476
0.0454975
-0.0454077
-0.0546729
-0.0431501
-0.0603187
-0.0733307
-0.0416201
0.0315764
-0.00239734
-0.0278741
0.00665243
-0.0569132
-0.00888099
0.00367704
-0.0553658
0.0371376
-0.0432284
0.00821511
-0.0467791
-0.0227375
0.0206424
-0.00765229
-0.0066594
-0.0488384
0.00540335
0.00157129
0.0499299
-0.0083562
-0.024049
-0.0356434
0.0638871
-0.0375825
0.0117247
-0.0225551
-0.0125634
-0.000777316
-0.0780842
-0.0305039
-0.0636236
-0.0159163
-0.0244995
-0.0390668
-0.0165651
0.0120819
-0.0604268
-0.0104897
-0.0491592
-0.00442561
0.0286726
-0.00406207
-0.054138
-0.0506591
0.0305944
-0.0867456
0.00663614
-0.0599762
-0.0366775
-0.0574367
-0.0781209
0.0265765
-0.00911135
-0.0718636
-0.0777956
-0.048506
0.00543143
-0.0788571
-0.0424345
-0.0765452
-0.0586777
-0.0390212
-0.023788
-0.00139277
-0.00694943
-0.04477
-0.116178
0.0431247
-0.108785
0.017776
0.0319443
-0.0175982
-0.105055
0.0123754
0.00935621
-0.00589724
-0.126687
0.0065354
-0.0260571
-0.035787
0.00423154
-0.0728645
0.00527539
-0.0491955
-0.0602031
-0.116048
-0.10966
-0.0229535
-0.0193112
-0.0555519
-0.0231873
0.00716439
-0.0397263
-0.0183011
0.0161433
-0.00888163
-0.0279738
0.00330569
-0.0335049
-0.0213855
0.000744333
0.0276245
-0.0662169
-0.103142
0.0271588
-0.0472467
0.0213131
0.00289333
-0.0462279
-0.0496515
0.00312146
-0.0449688
-0.00221899
-0.0160213
-0.0379742
0.046354
-0.0195499
-0.00162668
-0.0967382
-0.0381337
-0.0256237
0.00966084
0.0115611
0.0709139
-0.0545823
0.0872012
-0.119123
0.00761095
-0.0221912
-0.01148
-0.0233405
-0.0768922
-0.0653887
-0.102587
-0.00634736
0.0499816
-0.028897
-0.023602
0.0015102
0.0268133
-0.0104855
-0.0707651
-0.0821237
-0.0486621
0.00634621
-0.0561762
-0.00186684
0.0493034
-0.0894501
-0.0205672
-0.0497284
0.0227976
-0.059106
-0.0294036
-0.0507722
-0.00408676
-0.0274072
-0.0300777
0.00479191
-0.0692692
-0.00122827
-0.0432578
-0.0333934
0.0492643
-0.034047
-0.019911
0.0640801
0.00771542
-0.0688445
0.0409303
-0.0606737
-0.0925977
0.0301078
-0.00721958
-0.0428855
0.0764751
-0.077731
0.0120185
0.0205234
0.0237064
-0.0697136
-0.0303697
0.000844498
-0.0182843
0.00792218
0.0310972
-0.0121354
-0.0068405
-0.0600186
0.0282627
-0.0345342
0.0340089
-0.0495663
0.0114592
-0.00413906
-0.0531435
-0.0209806
-0.0443631
0.024524
0.0134046
-0.00594293
0.0416732
-0.00248907
0.00645023
0.0192129
0.0239748
-0.120313
0.0471776
0.00441911
0.0335879
0.0353532
0.004691
-0.0526823
-0.0271933
-0.0634814
0.0262979
-0.116151
0.0356576
-0.0764792
0.0316329
-0.0338962
-0.006589
0.0239037
0.0142303
-0.023675
0.0163091
0.0243859
-0.0296121
0.0248755
-0.0570509
-0.0331503
0.0120953
0.0385064
-0.0109928
0.0132592
0.0486618
0.0167474
0.0231093
0.0154537
0.00474444
0.0433447
-0.0025987
0.0477591
0.00554933
0.0106888
-0.108969
0.0492435
-0.0166915
-0.0415084
-0.0227018
0.0228843
0.00708658
0.0145997
0.00781822
0.0313759
0.0176109
-0.0331405
-0.0245819
0.0246654
0.0487448
0.0105208
0.00647268
-0.0108404
-0.0472446
-0.0163847
0.0596101
0.0131564
0.00364358
0.0382393
-0.0278907
-0.0285197
0.0524086
-0.0232793
0.0261522
0.0107218
-0.0593642
0.00438834
0.0407921
-0.0197519
0.0210281
0.00239116
-0.046193
-0.0519374
0.00407107
0.0267009
-0.00873216
0.0272323
-0.0450174
0.0498976
0.0255467
-0.0137861
-0.079057
-0.0147226
-0.0468277
-0.0409831
0.00766578
0.0516445
-0.0251024
0.00110817
-0.033494
0.0437845
0.00021683
-0.00480558
-0.00531183
-0.0284387
0.0622928
0.0393292
-0.0160175
-0.0504246
0.0106273
0.003739
0.037171
-0.0883816
-2.45E-05
0.00465331
-0.00220621
0.0294242
0.0287
-0.003061
0.0133636
-0.0428069
-0.0216953
0.00868879
-0.0417825
-0.00673687
-0.0620745
0.00819634
-0.130909
-0.0618692
0.0433339
-0.00563832
-0.0252494
-0.0940251
-0.0137323
0.00969613
-0.0278563
-0.0571262
-0.00343159
-0.0204965
0.00290753
-0.0512495
-0.000267431
0.0155002
-0.012833
0.038834
0.0212965
0.0328619
-0.00744557
-0.0263022
-0.0262352
-0.00462028
-0.0270863
-0.0788414
0.066312
0.0304161
-0.0309571
-0.0205133
0.0270957
0.00221126
-0.00573782
-0.00253125
0.0372535
0.0124512
-0.0903436
-1.67E-05
0.0505962
-0.087808
0.00347968
0.00775507
-0.0359779
0.0345316
0.0625828
-0.0707012
-0.0187284
-0.00424589
0.0468615
0.0230595
0.0258885
0.0558829
0.0333089
0.0243727
-0.00219504
0.0102574
-0.0159037
0.0198907
0.0266382
-0.0730618
0.00254761
0.0245398
0.0336764
0.0162668
-0.0166089
-0.0196072
-0.0496461
0.0231442
0.0643167
-0.0550378
0.0237737
-0.0374494
-0.0129215
0.0123556
0.0197206
0.0175462
0.05781
-0.0573423
0.0536113
0.0502841
-0.0390782
0.0647147
0.0330166
0.0169913
-0.00463859
0.0193795
0.0227634
0.0525947
0.0373666
-0.0482126
-0.0298259
-0.00588624
0.00521573
0.037585
-0.00378356
0.0366925
-0.00127438
0.0126662
-0.0183152
0.0191959
0.043808
0.00799143
-0.0582253
0.0420791
-0.0272566
0.00221088
0.0228719
0.0251415
-0.0069429
0.046273
-0.0408489
0.0161813
0.0305255
0.0178606
0.0051126
-0.05046
0.00223976
0.00824891
-0.0514973
-0.0660833
-0.00962943
-0.0354448
0.0258415
0.0261925
-0.0534665
-0.0575424
-0.118287
-0.038118
0.045326
0.0474846
-0.0307117
-0.0394478
0.0428902
0.0364488
-0.0212936
-0.0147888
-0.0483622
-0.00833738
0.0228601
0.0672555
-0.0614374
-0.00291015
-0.0381635
-0.0243617
-0.0731175
-0.110911
0.00259625
-0.0269011
0.0815613
-0.059488
-0.0149858
0.0456795
0.0239619
0.0272267
0.0130261
-0.108183
0.0238093
-0.00250309
-0.0177388
-0.0161566
-0.0251212
0.00199265
-0.0126061
-0.0444078
0.0105308
0.00940102
-0.0604391
0.0648509
-0.0473159
-0.0133428
0.0769372
-0.0437004
-0.0482567
0.0306013
-0.0406064
-0.00166427
0.0375558
-0.00376931
-0.100147
0.0224743
0.0188566
-0.0842915
0.0270125