0.0728031
0.128607
0.0475081
0.104459
-0.122069
0.152874
0.10032
0.0393518
-0.118493
-0.0646209
0.106405
0.0846533
-0.054016
-0.162044
0.0188192
0.0426272
0.0188762
0.165171
0.02003
0.141693
0.0617622
0.0854022
0.0450967
0.13232
0.0412098
0.107928
0.111372
0.086858
-0.00601306
0.123746
0.0414307
0.0503821
0.113475
0.0628133
0.0991839
0.0145723
0.138999
0.0889644
0.107837
-0.0811386
0.0993107
0.0856253
0.0517484
-0.0654363
0.10381
-0.0796536
0.103822
0.100896
0.127988
-0.058776
0.0508354
0.0987726
0.114403
-0.0319765
0.0041776
0.0671861
0.00866088
-0.0387898
-0.0711572
0.0543858
-0.0763486
0.160972
0.0434256
0.0784528
0.152745
0.14455
0.0772097
-0.00439743
0.0847219
0.0973219
0.103951
0.113938
0.0553697
0.0476545
0.126613
5.81E-03
0.0892153
0.140475
0.0231278
0.152439
0.0749212
-0.0952155
0.0819496
0.139467
0.00120209
0.134513
0.0403379
0.136389
0.0745993
0.14991
0.0507728
0.0990087
0.0191418
0.0505907
0.0529314
0.0762034
0.124927
0.0440243
0.117347
-0.0250811
0.00959796
0.0960885
0.0702019
0.129906
0.0456576
0.0596975
0.049257
0.0982733
0.11898
0.11254
0.0909999
-0.0578064
0.111342
0.109126
0.058052
0.0256162
0.155582
0.0685868
0.14051
0.097683
-0.0524604
0.13405
0.150099
-0.000146718
0.140118
-0.0391649
0.0978587
0.125629
0.0953697
0.0105286
0.0754301
0.0423312
0.0823008
0.108025
0.0833834
0.0764141
0.119534
0.132362
0.118524
0.0276076
0.0512514
0.120992
0.123608
0.148427
0.0469473
-0.0314829
0.0418875
0.00370878
0.0272363
0.104662
0.0642247
0.0987809
0.0135618
-0.0545822
-0.00176828
0.00386597
0.0872331
0.074125
0.132389
0.0202022
0.0908273
0.0796858
0.0114772
0.141006
0.0972811
0.0680042
0.127457
0.122468
0.145638
0.0953495
0.131515
0.130226
0.0217326
0.0367441
0.109104
0.063775
0.123219
-0.0691052
0.049672
0.0564004
0.0713423
0.11193
0.0260973
0.109971
0.134019
0.0540305
-0.105838
-0.0168246
0.0970433
0.115505
0.100301
0.0914315
0.117184
-0.0552968
0.0535488
0.0738155
0.115013
0.0921881
0.073614
0.021344
0.0689709
0.115302
0.107659
0.092731
0.0198589
0.129154
-0.0265093
0.0157433
0.129383
0.0859502
0.140524
0.0310295
-0.01329
0.087721
0.105499
0.0158427
0.121857
0.132797
0.0392214
0.128952
-0.0903579
-0.0262477
0.0397458
-0.0122379
0.109087
0.0816436
0.133444
0.0633671
-0.206295
0.0376325
0.0399651
-0.0565579
0.0883601
0.148648
0.124008
0.0582478
0.0248836
0.0259644
0.0748466
0.0704423
0.130111
0.136856
0.0986988
-0.0120176
0.103153
-0.0261885
0.154151
-0.151848
0.0057502
0.113616
0.103888
0.136861
0.114686
0.139454
-0.035033
0.113001
0.0990257
0.122552
-0.044057
-0.0266089
0.0708594
0.0177143
0.133364
0.0268083
0.146362
0.0441408
-0.0111288
0.0327428
0.0702951
0.0462783
-0.00825657
0.087355
0.119613
0.0371532
0.0912514
0.0564636
0.146953
0.133695
0.0420875
-0.00750259
0.123281
0.117097
0.082224
0.089295
0.100106
0.0464635
-0.0708835
0.026503
0.0927631
0.110285
0.0764439
0.118345
0.00135329
0.0447529
-0.0337368
0.108059
0.00950931
0.0898317
0.0604947
0.016164
-0.00794713
0.118511
0.0696584
0.000929413
0.073708
0.1181
0.0466937
0.0577663
0.000648859
0.0825832
0.0953119
0.0900916
0.102634
0.101643
0.0403527
0.15312
0.0550673
0.105094
0.0959122
-0.0152265
0.0505768
0.152554
0.136313
0.0341557
0.104744
0.0578814
0.114646
0.0878389
0.027373
0.0975434
-0.0359008
0.108903
-0.0192511
0.0807039
0.129934
-0.0047824
-0.0203955
0.14648
0.0782597
0.0731804
0.109626
0.0960196
0.0332149
0.140091
0.0403817
0.0605248
0.0850833
0.0472793
0.111322
0.0198758
0.0943476
0.143965
0.0733788
0.11998
0.0493488
0.0816795
0.0450096
0.00396935
0.0623393
0.0330383
0.021009
0.0231347
-0.0419796
-0.00931857
0.0699835
0.120162
0.153905
0.105439
0.100782
0.0587094
-0.160274
-0.138322
0.106324
0.118358
0.0631245
-0.040023
0.111852
0.108507
0.0432416
-0.00408129
0.114239
0.102055
0.0109112
0.0212097
0.116483
0.0903849
0.130655
0.0331247
-0.0106732
0.0946177
0.07763
0.0575694
-0.0490587
0.0729216
0.0851248
-0.0660968
0.0180557
0.108713
0.0956266
0.085035
0.133343
0.0430936
0.105545
0.106885
0.0819238
0.0743729
0.125988
0.120806
-0.0214247
-0.101196
0.0918765
0.13106
-0.0394485
0.10171
0.0880097
-0.0464673
0.0585263
0.110502
0.0543128
0.118597
0.0601623
0.116537
0.0655209
0.135694
0.05909
0.0483404
-0.0575318
0.0750841
0.0625915
0.0689504
0.0220068
0.10186
0.104425
0.12755
0.0223132
0.0206883
0.10691
0.130765
0.0628368
0.0880071
0.0393789
0.132807
0.147746
0.0815995
0.142614
-0.186545
0.110561
0.105053
0.12708
0.146654
0.0753484
0.115625
0.0770883
-0.12258
0.117683
0.0795727
0.00363945
0.150032
-0.0275674
-0.0616597
0.0169484
0.0794194
0.0630724
0.121912
0.0130778
0.0605929
0.0838676
0.128886
0.046329
0.0515662
0.0866768
0.104364
0.126086
0.0937931
0.130232
0.0436483
0.0728682
0.0992935
0.0781862
0.0149043
0.040884
0.120091
0.128809
0.0933415
-0.00463486
0.0460285
-0.0600894
-0.0971209
0.148787
-0.0310194
0.120756
0.105625
0.110092
0.0200862
-0.0765128
0.00539445
0.157843
0.124169
-0.0247988
0.0549537
0.0887661
0.138102
-0.00354689
0.0875076
0.112226
0.109954
0.0749035
0.0756869
0.0415024
0.0354659
0.0960929
0.0242875
0.0336856
0.112038
0.109165
0.111413
0.0211425
0.0873168
0.0831812
-0.0994136
0.0837399
0.141465
-0.0548482
0.102175
0.1232
0.0912686
0.0613436
0.0954129
0.103134
0.113062
0.112375
0.0530385
0.0181815
0.0408563
0.0165302
0.0482909
0.100623
-0.0729744
0.0669009
0.0262565
0.0400313
0.125907
0.0126321
0.0710536
0.138858
0.0450296
-0.0504258
0.104839
0.0408544
0.013802
0.130904
0.13162
0.0155002
0.141469
0.113691
0.0450828
0.118734
0.0761923
0.0237604
0.131625
0.0702668
0.0270412
0.132639
0.115113
0.117215
0.0897842
0.0987168
0.0360813
0.115443
0.115529
0.121168
0.0661355
0.127119
0.0994063
-0.0097223
0.0654314
0.0351074
0.0513783
0.13803
-0.0771336
0.0291197
0.1341
0.0352552
0.11063
-0.111115
0.103039
0.10158
0.149713
-0.0164883
0.0107311
-0.00507987
0.0573274
0.132467
-0.0466132
0.0608257
0.0329645
0.0163592
0.0491355
0.0623895
0.0643775
0.122303
0.0504608
0.0920424
0.0488684
0.00351585
0.104832
-0.0551344
0.0730915
0.0475819
0.0530635
0.104389
0.0663922
-0.00677061
0.0951187
0.0715656
0.154552
0.0985881
0.058337
-0.00747968
0.0440646
0.0938196
-0.031787
-0.0680826
0.0606772
0.117691
0.0765376
0.118575
0.11082
0.114421
0.11883
0.110698
0.126754
0.135594
0.0489798
0.12243
0.127776
0.100238
0.122279
0.0693131
0.0563307
0.103367
0.143415
0.0955187
0.032747
0.0960795
-0.0308632
0.0549472
0.0503838
0.078726
0.127604
0.110203
0.143116
0.136843
0.117749
0.101112
-0.0665084
0.059436
-0.012542
0.0311836
0.0190546
0.0597795
-0.0546746
-0.0113887
0.0633382
0.110275
0.0978894
-0.010182
0.106719
0.0659715
0.0727878
0.0574153
0.100083
0.015796
-0.0826169
-0.0180043
0.0880084
0.0597552
0.127931
0.0911696
0.0273315
0.066182
0.0334715
0.0611647
0.133346
-0.112623
0.114626
0.114409
0.122155
0.0441399
0.000968599
0.0753596
0.0195793
0.0838792
0.0564961
0.122662
-0.0776427
0.0970704
0.0492704
0.0824776
0.033995
0.118563
0.0851453
0.0179948
0.0276816
0.109237
0.0948541
-0.0577229
-0.00731429
0.0947637
0.0883727
-0.011162
0.110035
0.087394
0.0188347
0.126337
-0.0306095
0.0462695
0.0241309
0.0829996
0.0824082
0.115193
0.0672552
0.101273
0.0903163
0.108984
0.112763
0.123007
0.109669
0.0426412
0.0983555
0.118734
0.117019
0.038637
0.10126
0.0551231
0.139987
0.0843212
0.0810691
0.0782878
0.113953
0.0237072
0.114543
0.118036
0.0624286
-0.00190935
0.0681821
0.020738
-0.00634848
0.0624332
0.0497506
0.0206406
0.124086
0.154505
-0.0783252
0.107499
0.0437426
0.0901308
0.0937741
0.129039
-0.030846
0.0868431
0.0553603
0.0858829
-0.0458703
0.152226
0.127111
0.104821
0.147123