-0.0874247
-0.085008
-0.0278161
-0.124358
-0.0361699
-0.0450631
-0.0615216
-0.0764427
-0.192998
-0.148062
0.0397649
0.046231
0.0467407
0.0989847
0.0388166
0.00604682
0.0782742
0.0318385
0.0786351
0.017067
-0.0274075
-0.00960351
0.0579286
0.11092
-0.0720035
-0.0402876
0.079574
0.0645589
0.100841
0.00355017
0.0827033
-0.0267852
0.0649501
0.0883896
0.109932
0.0763561
0.108067
0.116213
0.0854575
0.0983826
0.0675204
0.110381
0.0971647
0.110119
-0.00352177
0.024255
-0.087578
0.036103
0.109534
0.0190006
0.0282356
0.0682876
0.110018
0.0922246
0.104503
0.0781215
-0.0140233
0.124538
0.128795
0.0304374
0.053876
0.000541845
0.0460817
0.0683535
0.111484
0.0889026
0.027176
0.11523
0.0553814
0.0181316
0.0926743
0.0608717
-0.0536217
0.0631322
0.0858291
-0.0066007
0.101507
0.0341414
0.0867995
0.0695351
0.0987011
0.0651312
0.0835721
0.077777
0.0761324
0.0860879
0.0902969
0.0411356
0.0941935
0.101347
0.10031
0.10442
0.00627087
0.104641
0.116279
-0.00455382
0.0252181
-0.023173
0.097382
0.110288
0.059986
0.0308505
0.0218379
0.00671058
0.0647138
0.0911545
0.0646583
0.0747757
-0.0280203
-0.0034552
0.0306202
0.0836343
0.105745
0.101264
0.110871
0.0906823
0.100754
0.0705529
0.0909287
0.072605
0.0819458
0.0920878
0.0348348
0.112375
0.077088
0.088307
0.0136935
0.0140883
0.0748465