0.115319
0.114712
0.117545
0.117287
0.117287
0.118374
0.119651
0.120879
0.1226
0.125092
0.121367
0.126712
0.137865
0.143733
0.154573
0.158281
0.162391
0.161003
0.165289
0.172472
0.174456
0.165614
0.163136
0.162921
0.160058
0.14532
0.128155
0.110883
0.105738
0.0998477
0.110883
0.11027
0.127209
0.138961
0.152362
0.160366
0.167705
0.167861
0.173234
0.171317
0.176436
0.171681
0.166629
0.161813
0.152835
0.160809
0.155981
0.153174
0.137089
0.135141
0.127376
0.127803
0.125944
0.122905
0.125623
0.120414
0.126265
0.127137
0.125596
0.13086
0.137608
0.146356
0.155417
0.159153
0.160863
0.162912
0.164868
0.167742
0.169767
0.172767
0.173175
0.171019
0.158226
0.150553
0.135448
0.123239
0.123491
0.11851
0.116815
0.115877
0.0995233
0.095783
0.0920408
0.0874191
0.0858992
0.0947015
0.095126
0.110728
0.112469
0.125531
0.128962
0.128135
0.13384
0.159209
0.170114
0.182461
0.173748
0.170398
0.170389
0.162567
0.159999
0.150472
0.142091
0.14156
0.130151
0.127721
0.121739
0.119806
0.123919
0.124765
0.135025
0.142307
0.152503
0.157214
0.154672
0.165572
0.166914
0.178911
0.177627
0.176378
0.175278
0.176964
0.17847
0.178671
0.175689
0.174613
0.169975
0.16926
0.165618
0.15303
0.148389
0.137267
0.131471
0.127245
0.120059
0.114698
0.128916
0.139599
0.148389
0.158678
0.165509
0.167855
0.172985
0.180108
0.180367
0.176217
0.170714
0.167553
0.166228
0.161252
0.15703
0.148116
0.13037
0.131903
0.129342
0.120153
0.114411
0.115641
0.119887
0.124454
0.131107
0.134423
0.1395
0.146636
0.160736
0.14773
0.163371
0.153081
0.150958
0.154843
0.162065
0.165909
0.172856
0.173551
0.167296
0.165782
0.16065
0.155603
0.146266
0.134548
0.138915
0.129553
0.119129
0.118189
0.1148
0.116003
0.116441
0.107783
0.105945
0.106857
0.112357
0.11177
0.116427
0.134653
0.130655
0.141875
0.158987
0.173589
0.16619
0.157602
0.154109
0.151964
0.138807
0.138305
0.125939
0.128011
0.124741
0.111669
0.122347
0.121981
0.135084
0.141357
0.148246
0.159055
0.163346
0.172848
0.173752
0.167659
0.16082
0.166618
0.16503
0.164853
0.171585
0.172652
0.174357
0.178671
0.181575
0.184575
0.180485
0.15448
-0.152519
-0.304782
-0.277473
-0.240647
-0.0490913
0.0923605
0.0688286
0.0529743
0.0793365
0.0245677
0.049108
0.0343419
0.11961
0.150477
0.145607
0.151005
0.155267
0.15417
0.155888
0.153086
0.154
0.160139
0.160118
0.162288
0.16163
0.16096
0.170117
0.161916
0.159458
0.166113
0.162659
0.16153
0.158135
0.156613
0.156649
0.157341
0.156788
0.156952
0.157006
0.160855
0.165931
0.167321
0.171412
0.172863
0.184452
0.184321
0.182052
0.185635
0.182331
0.183603
0.179382
0.169521
0.163558
0.147438
0.133969
0.134924
0.133236
0.116114
0.119628
0.112214
0.108174
0.0977079
0.0854104
0.089608
0.0894048
0.0963912
0.111405
0.125507
0.127437
0.131752
0.141184
0.13571
0.155152
0.174732
0.184189
0.183172
0.171145
0.169994
0.161648
0.15681
0.148622
0.134566
0.138444
0.126898
0.123209
0.125831
0.137585
0.146381
0.148541
0.160012
0.172669
0.173448
0.172243
0.177733
0.180809
0.181839
0.18354
0.183861
0.181923
0.184542
0.181856
0.182297
0.177223
0.175579
0.171758
0.171185
0.167203
0.166232
0.166778
0.166088
0.161733
0.164744
0.160085
0.160972
0.149947
0.14745
0.145275
0.148151
0.149289
0.160383
0.168973
0.170438
0.168753
0.167166
0.177914
0.170311
0.165933
0.167693
0.16216
0.161065
0.161524
0.15419
0.149011
0.141242
0.136214
0.125303
0.0612156
-0.098907
-0.220193
-0.257168
-0.296479
-0.136172
-0.0849902
0.0614955
0.139604
0.160161
0.164188
0.168283
0.169857
0.174762
0.181062
0.182199
0.18188
0.182871
0.180732
0.183902
0.181977
0.182429
0.182397
0.178881
0.183731
0.175657
0.168558
0.167114
0.160009
0.161933
0.156908
0.150715
0.148285
0.140878
0.133985
0.125336
0.122391
0.116758
0.115558
0.103985
0.117128
0.126555
0.129604
0.140878
0.150831
0.160764
0.169872
0.171981
0.18119
0.181379
0.169478
0.150414
0.137582
0.136019
0.131643
0.123214
0.124857
0.115365
0.11086
0.111289
0.108623
0.111302
0.124153
0.12778
0.132591
0.143803
0.14141
0.163946
0.174371
0.18349
0.181825
0.181825
0.181962
0.180731
0.180637
0.178768
0.175942
0.171564
0.16927
0.168175
0.16903
0.170652
0.169717
0.165157
0.159782
0.15685
0.152883
0.150201
0.151028
0.151266
0.150711
0.154245
0.163307
0.166045
0.17268
0.171146
0.16874
0.168645
0.171012
0.17392
0.17367
0.177174
0.174184
0.166463
0.168097
0.162132
0.163391
0.165304
0.166085
0.164111
0.158946
0.157278
0.153924
0.150111
0.149626
0.146793
0.148339
0.155795
0.162743
0.163327
0.16476
0.166539
0.166785
0.170059
0.17764
0.179059
0.178176
0.169798
0.172272
0.171644
0.168626
0.167667
0.167098
0.158445
0.158279
0.14266
0.117915
0.0693293
-0.0312131
-0.119578
-0.175708
-0.250093
-0.287012
-0.290748
-0.258955
-0.260665
-0.27486
-0.252995
-0.297195
-0.271721
-0.304782
-0.277314
-0.279065
-0.279065
-0.203627
-0.0659414
0.041536
0.1396
0.163455
0.172083
0.177661
0.186158
0.179629
0.17098
0.154188
0.15102
0.143652
0.131121
0.134592
0.133597
0.130441
0.122557
0.113515
0.104055
0.0995073
0.0888309
0.096563
0.087758
0.103934
0.123105
0.130237
0.134592
0.142192
0.151446
0.155636
0.16431
0.173394
0.183046
0.184117
0.183098
0.181915
0.181243
0.182237
0.178454
0.176832
0.172186
0.16936
0.170842
0.169262
0.168782
0.167113
0.159344
0.15518
0.153115
0.146083
0.142439
0.143671
0.143891
0.145676
0.147833
0.158468
0.164024
0.167249
0.170088
0.168881
0.171653
0.176987
0.183676
0.18277
0.180979
0.168809
0.168019
0.168417
0.16637
0.165332
0.16427
0.163961
0.159687
0.155453
0.153257
0.153674
0.153325
0.15523
0.155512
0.155892
0.161447
0.160518
0.162765
0.167362
0.166607
0.176667
0.177883
0.178537
0.183786
0.184327
0.185408
0.185443
0.185443
0.186102
0.186307
0.18621
0.183903
0.182061
0.174819
0.168023
0.149284
0.136233
0.130279
0.133244
0.131611
0.128895
0.125668
0.119206
0.114475
0.10524
0.0935232
0.10524
0.104373
0.118516
0.128924
0.129893
0.13487
0.145287
0.1515
0.162687
0.171468
0.181789
0.180683
0.178491
0.170853
0.169025
0.16214
0.156778
0.147019
0.139573
0.139468
0.134422
0.125949
0.127887
0.12202
0.125848
0.13057
0.13581
0.141362
0.141386
0.15458
0.161681
0.164465
0.173448
0.176825
0.184735
0.182494
0.182104
0.182948
0.182666
0.181555
0.182666
0.181335
0.180699
0.181619
0.180641
0.178642
0.177367
0.174181
0.178437
0.176701
0.168858
0.112028
-0.0797732
-0.256453
-0.241499
-0.264627
-0.103621
0.0304689
0.107531
0.138351
0.145401
0.158951
0.15857
0.161312
0.163018
0.168379
0.170365
0.166456
0.168383
0.169144
0.168249
0.17086
0.175092
0.17947
0.179662
0.17386
0.171848
0.159869
0.164229
0.160753
0.165411
0.159963
0.155595
0.155707
0.149059
0.141082
0.134016
0.131438
0.150588
0.15506
0.160184
0.161447
0.160706
0.163414
0.168084
0.168571
0.175763
0.175149
0.172146
0.174108
0.17158
0.170855
0.171419
0.170856
0.174339
0.181628
0.185866
0.182758
0.180504
0.181563
0.172118
0.160962
0.152299
0.148576
0.147274
0.138706
0.139003
0.134908
0.126342
0.129473
0.122578
0.105806
0.10927
0.110729
0.117578
0.132494
0.13214
0.143834
0.153672
0.167954
0.181832
0.182141
0.184862
0.170743
0.171546
0.161127
0.162433
0.154489
0.145368
0.138632
0.138815
0.131623
0.129232
0.12039
0.125676
0.123515
0.131307
0.141089
0.143874
0.160232
0.164517
0.169913
0.177822
0.182361
0.181923
0.182304
0.183342
0.181789
0.181264
0.184411
0.18141
0.179568
0.171748
0.176079
0.171735
0.170792
0.170943
0.170296
0.173112
0.170483
0.166734
0.166751
0.164169
0.155777
0.147435
0.145406
0.144509
0.14854
0.149597
0.15366
0.165165
0.169486
0.172079
0.168906
0.171905
0.177752
0.179427
0.17859
0.172035
0.160021
0.148689
0.143153
0.14918
0.150699
0.149057
0.148779
0.135617
0.129768
0.133857
0.137457
0.139969
0.147854
0.161776
0.166637
0.164208
0.167981
0.17869
0.177513
0.183195
0.180982
0.180659
0.185434
0.183939
0.183512
0.178852
0.178605
0.179371
0.181538
0.183787
0.184419
0.184214
0.181188
0.180909
0.167998
0.157977
0.153377
0.143317
0.133421
0.1329
0.130671
0.129219
0.123944
0.114747
0.105732
0.105433
0.10161
0.109459
0.12609
0.127904
0.13171
0.139462
0.148922
0.158236
0.171774
0.177777
0.184157
0.180495
0.175762
0.173448
0.159982
0.15709
0.145556
0.141822
0.131693
0.132004
0.133719
0.124145
0.127384
0.130837
0.133204
0.139277
0.146396
0.151346
0.156441
0.162366
0.16535
0.163223
0.17589
0.182373
0.182061
0.183706
0.179195
0.176504
0.173019
0.173179
0.172997
0.172745
0.173944
0.174255
0.174728
0.180801
0.178723
0.174322
0.175268
0.177396
0.171254
0.171406
0.166918
0.162614
0.158718
0.153071
0.148127
0.145559
0.1432
0.140953
0.14105
0.149871
0.152284
0.15904
0.160174
0.161249
0.165203
0.163208
0.166807
0.166457
0.173276
0.168896
0.164261
0.15536
0.161929
0.160883
0.160099
0.153116
0.141074
0.135453
0.132827
0.130628
0.143418
0.145142
0.156035
0.163513
0.161941
0.162202
0.167254
0.166869
0.178777
0.18456
0.185497
0.1852
0.185422
0.184955
0.184839
0.18383
0.183401
0.182063
0.183383
0.180545
0.180176
0.181943
0.17706
0.171621
0.161908
0.148334
0.145527
0.131362
0.127877
0.128582
0.124701
0.116281
0.113874
0.106367
0.104931
0.104542
0.116478
0.125772
0.132794
0.133763
0.148893
0.157254
0.175424
0.179887
0.181495
0.165377
0.162071
0.15468
0.135017
0.0990441
0.0656192
-0.0456774
-0.151549
-0.198382
-0.245613
-0.086465
0.0347286
0.0646036
0.0857094
0.10153
0.112447
0.114391
0.123082
0.142025
0.153783
0.154196
0.168539
0.168648
0.175385
0.177977
0.178507
0.179721
0.179699
0.181422
0.176519
0.180975
0.179064
0.182321
0.17684
0.174312
0.167648
0.163655
0.166817
0.163266
0.167815
0.166532
0.163977
0.160716
0.154043
0.146469
0.144937
0.141704
0.141565
0.14558
0.155747
0.162852
0.160799
0.161805
0.162737
0.166132
0.165862
0.167843
0.165869
0.158879
0.141921
0.142002
0.142135
0.1405
0.136486
0.137365
0.132676
0.124224
0.123542
0.122492
0.138713
0.156035
0.160164
0.162647
0.165642
0.168191
0.177463
0.181673
0.183883
0.176194
0.177446
0.178529
0.174534
0.173489
0.177951
0.178153
0.180462
0.180768
0.17641
0.174722
0.164975
0.156153
0.154223
0.143933
0.143106
0.138025
0.135046
0.131907
0.126871
0.125145
0.12308
0.119878
0.116251
0.104522
0.116098
0.126725
0.128148
0.134912
0.139491
0.151119
0.155639
0.171548
0.180748
0.180194
0.16456
0.164079
0.160875
0.16251
0.155438
0.145077
0.142418
0.136292
0.135876
0.134766
0.132898
0.135578
0.14124
0.14256
0.154539
0.158032
0.154506
0.164798
0.173398
0.182503
0.180902
0.180126
0.177424
0.17981
0.179617
0.180216
0.175182
0.180404
0.176824
0.177098
0.178217
0.174303
0.170812
0.168989
0.169523
0.171503
0.168961
0.165584
0.164244
0.164086
0.15633
0.152278
0.152948
0.144324
0.145507
0.146667
0.147212
0.158861
0.158973
0.166331
0.161824
0.164059
0.17055
0.175449
0.174751
0.170922
0.165182
0.153141
0.148912
0.153566
0.153067
0.149366
0.15064
0.146291
0.144669
0.147185
0.154797
0.156527
0.165078
0.161824
0.167139
0.164403
0.177178
0.182418
0.185161
0.185533
0.18616
0.186287
0.186287
0.186287
0.183077
0.17976
0.171443
0.166039
0.166392
0.166219
0.156668
0.113127
0.0423539
-0.114607
-0.251966
-0.23376
-0.20077
-0.0941897
0.0303562
0.065196
0.0531767
0.0531039
0.0274204
0.0733323
0.116002
0.13856
0.148642
0.15523
0.158982
0.163
0.176285
0.18173
0.167037
0.148782
0.137766
0.13174
0.128494
0.12026
0.124903
0.121481
0.113915
0.102295
0.102024
0.0882914
0.10265
0.102064
0.114514
0.131356
0.128999
0.132312
0.130916
0.150128
0.151961
0.165949
0.175938
0.18024
0.182022
0.179941
0.179186
0.179726
0.181804
0.181006
0.181745
0.180343
0.180343
0.175631
0.175687
0.177017
0.168231
0.169291
0.159523
0.159122
0.160069
0.160747
0.156652
0.151524
0.145552
0.137773
0.136704
0.134227
0.146351
0.146626
0.154467
0.15854
0.156296
0.160688
0.16411
0.163939
0.171918
0.168508
0.173198
0.167991
0.16796
0.162441
0.162638
0.163055
0.157939
0.155184
0.155058
0.151705
0.135336
0.132448
0.130087
0.128918
0.135379
0.134558
0.149483
0.155674
0.155696
0.16174
0.162034
0.165155
0.162817
0.164775
0.170667
0.176384
0.181686
0.181575
0.181072
0.182921
0.183832
0.180393
0.180202
0.18307
0.18383
0.17677
0.170716
0.170206
0.169058
0.168362
0.163497
0.148229
0.0273105
-0.262695
-0.298274
-0.188749
-0.218215
-0.0144747
0.0938793
0.0981682
0.102309
0.0937817
0.0818546
0.0761293
0.110201
0.122778
0.153016
0.15984
0.165615
0.164022
0.177444
0.181515
0.168866
0.14089
0.142539
0.141165
0.128048
0.127342
0.1252
0.125456
0.113765
0.110337
0.10079
0.0949149
0.111624
0.121968
0.129278
0.13173
0.139701
0.149317
0.164012
0.179428
0.184107
0.183471
0.181613
0.180617
0.180462
0.176701
0.172731
0.167682
0.147333
0.0987222
-0.121011
-0.221058
-0.24753
-0.285416
-0.16319
-0.130337
-0.0763805
-0.0416605
-0.000917306
0.0309644
0.0972804
0.127226
0.150106
0.158603
0.15755
0.163377
0.162876
0.17055
0.164175
0.163796
0.15949
0.153511
0.147182
0.136201
0.124468
0.106226
0.0645546
0.00161091
-0.0931441
-0.247571
-0.306417
-0.264422
-0.167877
0.0198414
0.075857
0.103172
0.122102
0.149544
0.161262
0.16679
0.168591
0.17462
0.17567
0.17884
0.180374
0.184735
0.183832
0.181556
0.179613
0.178741
0.177239
0.177199
0.184842
0.181732
0.182811
0.17798
0.169471
0.160158
0.148334
0.150509
0.132348
0.133342
0.129555
0.127238
0.11424
0.11131
0.103374
0.0973575
0.0993464
0.110286
0.125589
0.129186
0.130429
0.140981
0.150103
0.154125
0.170934
0.181209
0.180308
0.171834
0.169624
0.161105
0.155379
0.14518
0.144078
0.133344
0.134729
0.125989
0.122433
0.124587
0.133527
0.134343
0.135907
0.143123
0.15167
0.160897
0.16342
0.17129
0.171956
0.178003
0.18159
0.184065
0.183389
0.183001
0.181227
0.181394
0.17802
0.17466
0.175061
0.170119
0.169787
0.172223
0.164755
0.169554
0.165956
0.160737
0.157206
0.14925
0.142095
0.137697
0.134707
0.136966
0.145367
0.150894
0.162049
0.163084
0.165839
0.170571
0.171735
0.168303
0.177596
0.175558
0.17131
0.160682
0.154294
0.160249
0.162148
0.161825
0.166152
0.162934
0.164934
0.159539
0.157546
0.156771
0.158734
0.155225
0.161156
0.164198
0.158831
0.161429
0.159818
0.168464
0.164623
0.157499
0.133882
0.121104
0.0870534
0.0453618
0.0136263
-0.0310527
-0.0958391
-0.102887
-0.144332
-0.127648
-0.15683
-0.275384
-0.292891
-0.202193
-0.256047
-0.243355
-0.273289
-0.155528
-0.261348
-0.21899
-0.169586
-0.00608419
0.12901
0.166037
0.17137
0.172777
0.161589
0.155949
0.149012
0.14572
0.13728
0.13343
0.12866
0.128241
0.121859
0.114428
0.107139
0.114796
0.125706
0.133781
0.136307
0.144922
0.147945
0.155874
0.161929
0.168893
0.166139
0.178558
0.179726
0.183799
0.178164
0.179006
0.158708
0.158637
0.163905
0.168852
0.174858
0.173359
0.168391
0.163556
0.162811
0.163116
0.160111
0.154027
0.155095
0.152811
0.1491
0.146791
0.145671
0.15192
0.149463
0.152066
0.150717
0.150512
0.156259
0.159334
0.154119
0.159483
0.16536
0.171521
0.166401
0.161979
0.154191
0.155377
0.150057
0.145372
0.143815
0.137463
0.130033
0.125699
0.126458
0.130223
0.1401
0.147911
0.152639
0.156344
0.159166
0.163327
0.163119
0.167162
0.165727
0.174792
0.17692
0.183195
0.182003
0.181975
0.180199
0.178833
0.178268
0.178494
0.178037
0.178111
0.179679
0.177213
0.171124
0.147077
0.134311
0.132444
0.131054
0.123794
0.11727
0.120672
0.115655
0.113315
0.0999234
0.0955897
0.0878111
0.0945096
0.0957966
0.109512
0.119791
0.129331
0.131902
0.132184
0.14664
0.139351
0.150825
0.169694
0.175678
0.179725
0.169085
0.164604
0.156442
0.146538
0.147347
0.137309
0.131506
0.130781
0.121978
0.110257
0.107651
0.118441
0.122531
0.129274
0.136722
0.139786
0.143448
0.142935
0.152794
0.156931
0.171778
0.170621
0.176848
0.183973
0.183942
0.181805
0.183734
0.181597
0.180409
0.181226
0.178212
0.179882
0.17678
0.173359
0.170351
0.16422
0.168647
0.168779
0.167765
0.172336
0.171342
0.16762
0.169797
0.166782
0.163805
0.157536
0.156862
0.155193
0.158307
0.163666
0.163905
0.159606
0.154667
0.159156
0.151824
0.146705
0.154224
0.153952
0.159833
0.164687
0.168785
0.172002
0.166877
0.161534
0.163586
0.158643
0.157618
0.152455
0.151593
0.142202
0.134069
0.136442
0.139718
0.150785
0.15639
0.153849
0.162441
0.164447
0.165789
0.170012
0.174768
0.175749
0.182523
0.181878
0.182488
0.182488
0.183212
0.184809
0.184198
0.179856
0.171443
0.172181
0.161278
0.141629
0.0695917
-0.149376
-0.295658
-0.236834
-0.263219
-0.270287
-0.128866
0.0272279
0.0839821
0.0972429
0.0729841
0.056391
0.0305694
0.0953437
0.132498
0.152531
0.160334
0.170668
0.172264
0.181537
0.184508
0.182659
0.167246
0.156621
0.147928
0.145939
0.145033
0.132029
0.126391
0.129077
0.118531
0.108796
0.0965206
0.0874499
0.0944534
0.110528
0.122563
0.129469
0.127377
0.13149
0.141921
0.138969
0.153098
0.160192
0.166286
0.173244
0.171634
0.181603
0.181178
0.180944
0.18132
0.183615
0.182029
0.181816
0.182842
0.181957
0.179725
0.179822
0.177777
0.175064
0.169641
0.172431
0.165794
0.166271
0.163024
0.155201
0.152037
0.143479
0.1352
0.131538
0.129584
0.122528
0.121919
0.130084
0.13875
0.149592
0.155622
0.162803
0.170609
0.165076
0.16512
0.164047
0.17107
0.163076
0.163994
0.153389
0.154429
0.149552
0.147442
0.149685
0.148096
0.149106
0.14426
0.139135
0.132879
0.12366
0.119724
0.117268
0.123884
0.116264
0.1255
0.137993
0.151269
0.156295
0.166416
0.164921
0.164486
0.166575
0.17137
0.175276
0.17732
0.183137
0.183665
0.184735
0.183206
0.181363
0.183942
0.183661
0.176357
0.159056
0.142036
0.142314
0.138609
0.131521
0.128525
0.127248
0.122878
0.110828
0.1071
0.0979547
0.107151
0.115183
0.126561
0.1296
0.131169
0.134093
0.147252
0.152941
0.161982
0.177298
0.184311
0.184788
0.174347
0.166414
0.171405
0.167669
0.164832
0.159524
0.150503
0.147762
0.136677
0.138269
0.137139
0.130953
0.130417
0.138616
0.137896
0.145418
0.146779
0.150618
0.155386
0.158186
0.160731
0.169645
0.168823
0.177821
0.184801
0.181205
0.180692
0.18415
0.181597
0.183515
0.183001
0.183568
0.184311
0.18015
0.176369
0.174852
0.1727
0.169773
0.167148
0.159091
0.166176
0.1647
0.159961
0.158908
0.166693
0.161056
0.163472
0.166054
0.162907
0.159022
0.15386
0.149202
0.163826
0.159144
0.150614
0.14602
0.139053
0.134646
0.131532
0.129847
0.140784
0.145154
0.145414
0.144849
0.143158
0.151412
0.156956
0.15936
0.155946
0.155441
0.153453
0.142731
0.140401
0.138176
0.147537
0.150286
0.154518
0.159931
0.164718
0.164773
0.167534
0.167708
0.178094
0.175599
0.174613
0.173515
0.170853
0.169629
0.175762
0.178226
0.181236
0.181323
0.180629
0.170948
0.168315
0.149213
0.14384
0.143551
0.141072
0.134829
0.130223
0.127693
0.127131
0.125477
0.115104
0.10622
0.102837
0.109488
0.116824
0.12669
0.130343
0.131212
0.1386
0.136551
0.13961
0.153386
0.160835
0.152845
0.116808
0.00755142
-0.160199
-0.274673
-0.25756
-0.304782
-0.275103
-0.126404
0.0133664
0.052231
0.0663854
0.0710268
0.0927012
0.105387
0.108123
0.105156
0.113136
0.110259
0.125658
0.124119
0.127875
0.134561
0.136802
0.138708
0.143956
0.152801
0.157721
0.171794
0.171157
0.176043
0.183883
0.179165
0.181405
0.182626
0.182072
0.18197
0.180764
0.18289
0.182027
0.179248
0.172314
0.160444
0.147534
0.154896
0.14669
0.153185
0.1554
0.15856
0.155252
0.151634
0.15821
0.152389
0.156736
0.15405
0.151549
0.150903
0.155225
0.15476
0.151815
0.14978
0.152264
0.155646
0.154623
0.155552
0.154236
0.155034
0.14711
0.148145
0.154488
0.158676
0.15881
0.154712
0.145038
0.146335
0.145477
0.137836
0.142793
0.149397
0.149322
0.151503
0.15556
0.158549
0.16563
0.163099
0.164471
0.170464
0.175337
0.176059
0.183194
0.182439
0.182568
0.184198
0.184949
0.1852
0.180669
0.183792
0.180269
0.182175
0.183676
0.181374
0.172756
0.163498
0.142783
0.144121
0.142681
0.13262
0.12739
0.128626
0.13056
0.129276
0.114461
0.111797
0.106768
0.106197
0.110706
0.107048
0.124595
0.127728
0.128646
0.139105
0.145272
0.147344
0.163229
0.176182
0.183313
0.180291
0.172793
0.169095
0.16992
0.16965
0.160241
0.158849
0.151797
0.147921
0.146294
0.142016
0.138871
0.133817
0.131403
0.142207
0.148248
0.156875
0.168282
0.172097
0.171673
0.181353
0.179869
0.183079
0.173707
0.167
0.157796
0.15388
0.1638
0.168852
0.162708
0.170689
0.169354
0.167582
0.17558
0.174814
0.169265
0.168396
0.168981
0.170899
0.168927
0.167634
0.161654
0.159233
0.151284
0.144165
0.142188
0.143624
0.14831
0.150124
0.155136
0.158987
0.159624
0.164124
0.161221
0.165197
0.162689
0.167915
0.168397
0.174676
0.167133
0.165751
0.159569
0.160197
0.162088
0.161611
0.156384
0.148195
0.140533
0.139283
0.14054
0.134552
0.145869
0.147441
0.153563
0.164904
0.162872
0.166897
0.176285
0.175556
0.172567
0.173238
0.172574
0.177216
0.180742
0.182724
0.182994
0.179652
0.174463
0.158787
0.146898
0.138186
0.137984
0.132303
0.130443
0.127278
0.108197
0.0988881
0.0885562
0.0886896
0.0877271
0.101307
0.117522
0.126541
0.126637
0.125531
0.139856
0.141095
0.161472
0.172361
0.180456
0.177956
0.168884
0.165402
0.156215
0.153754
0.151005
0.143925
0.14432
0.139724
0.133223
0.129246
0.129391
0.130538
0.132509
0.134188
0.148259
0.148248
0.157932
0.159898
0.164848
0.172838
0.169861
0.179115
0.181773
0.183102
0.179836
0.176889
0.175559
0.173406
0.172762
0.174866
0.178998
0.180683
0.180262
0.178001
0.177478
0.172622
0.170459
0.168203
0.165922
0.166241
0.164189
0.161417
0.161679
0.165352
0.162409
0.158564
0.150925
0.152817
0.154115
0.153208
0.155913
0.153686
0.153394
0.149266
0.140803
0.144942
0.143895
0.150756
0.153409
0.153952
0.155095
0.14861
0.146531
0.149399
0.149175
0.144166
0.133192
0.126906
0.114753
0.107415
0.114285
0.1256
0.146268
0.143115
0.150945
0.16036
0.165143
0.160207
0.163289
0.162477
0.160182
0.165961
0.173588
0.184035
0.182024
0.177769
0.174194
0.17532
0.177296
0.184112
0.182998
0.176477
0.16917
0.153153
0.145201
0.146133
0.132088
0.128438
0.121285
0.109381
0.109488
0.104683
0.112536
0.114262
0.128238
0.130811
0.131115
0.141398
0.13773
0.142065
0.150307
0.154036
0.136949
0.110094
0.0543198
-0.14184
-0.2316
-0.310794
-0.306417
-0.262619
-0.24545
-0.247315
-0.182774
-0.0290345
0.0360849
0.0518536
0.0914422
0.120449
0.127123
0.139142
0.138825
0.147598
0.146214
0.156634
0.162511
0.160062
0.16952
0.169286
0.17678
0.183509
0.180319
0.182581
0.174371
0.179885
0.181528
0.178283
0.181597
0.179248
0.177444
0.176174
0.167593
0.160669
0.164188
0.159313
0.1515
0.149566
0.153764
0.157433
0.15487
0.158482
0.153428
0.154609
0.154238
0.15674
0.157342
0.152956
0.153463
0.144259
0.150106
0.145654
0.153398
0.154899
0.162125
0.160193
0.156147
0.162364
0.15917
0.164737
0.162177
0.155875
0.148853
0.14896
0.149076
0.148725
0.155034
0.153935
0.158496
0.164859
0.165327
0.166444
0.167279
0.170059
0.174161
0.180327
0.182009
0.179215
0.175207
0.17153
0.172023
0.169301
0.173332
0.179178
0.181796
0.184072
0.173354
0.161674
0.147172
0.138118
0.138331
0.133851
0.126825
0.129463
0.122006
0.108659
0.106723
0.0995766
0.103526
0.106198
0.111403
0.123742
0.128494
0.12971
0.142483
0.140615
0.140525
0.1543
0.16518
0.182327
0.181812
0.178356
0.171289
0.167389
0.164877
0.157567
0.154713
0.145289
0.147348
0.141658
0.136144
0.130369
0.127804
0.138208
0.141133
0.146574
0.157373
0.157053
0.164552
0.171586
0.171625
0.175635
0.182313
0.175877
0.167821
0.167575
0.167163
0.170503
0.173913
0.169411
0.170753
0.173693
0.172862
0.171681
0.176101
0.175204
0.170562
0.165411
0.164862
0.166499
0.161878
0.159886
0.157396
0.159012
0.161223
0.152258
0.15191
0.147417
0.14795
0.151491
0.155225
0.155604
0.154223
0.155517
0.1608
0.159472
0.153681
0.156089
0.153274
0.150213
0.145469
0.147431
0.146455
0.150791
0.152152
0.143064
0.140915
0.136994
0.134444
0.13614
0.133864
0.125135
0.134795
0.134674
0.140312
0.145058
0.155364
0.163303
0.159047
0.16292
0.165884
0.17303
0.178038
0.178791
0.180829
0.173716
0.171567
0.168577
0.162467
0.162924
0.169253
0.176125
0.17994
0.181086
0.174599
0.167793
0.152333
0.133499
0.130239
0.133526
0.130418
0.128008
0.124904
0.111277
0.111543
0.102221
0.102266
0.106516
0.110726
0.127825
0.125968
0.128455
0.132427
0.134074
0.126187
0.13685
0.149333
0.167087
0.181541
0.177101
0.172641
0.165966
0.166974
0.159897
0.160406
0.151358
0.150283
0.144487
0.144619
0.145232
0.13458
0.135894
0.136785
0.138824
0.144791
0.150139
0.162121
0.160875
0.170622
0.169978
0.169878
0.174086
0.181962
0.180774
0.171683
0.163685
0.164449
0.161728
0.168256
0.170945
0.167017
0.168515
0.169501
0.167237
0.167761
0.16961
0.17225
0.171646
0.168628
0.162619
0.15859
0.149819
0.147936
0.141289
0.139578
0.143334
0.159763
0.160514
0.15424
0.165527
0.16151
0.155695
0.148803
0.156139
0.154528
0.156416
0.152891
0.149786
0.154284
0.153532
0.146402
0.140922
0.138847
0.123767
0.116483
0.117526
0.12872
0.142298
0.149312
0.1621
0.16506
0.165381
0.167162
0.166096
0.164979
0.162575
0.169372
0.166806
0.172727
0.173282
0.174508
0.177742
0.179433
0.167827
0.139109
0.115696
0.0676531
0.00126383
-0.0793627
-0.149564
-0.199169
-0.25434
-0.259868
-0.245295
-0.305326
-0.274336
-0.267904
-0.297195
-0.29504
-0.28648
-0.297734
-0.292684
-0.319146
-0.306417
-0.319146
-0.219243
-0.29504
-0.304237
-0.270919
-0.252281
-0.296655
-0.285416
-0.256472
-0.29504
-0.29504
-0.24753
-0.297195
-0.297195
-0.276588
-0.208777
-0.165406
-0.0458743
0.0250396
0.0511903
0.0639188
0.0744922
0.0872206
0.0896017
0.0964165
0.109845
0.115633
0.122213
0.124931
0.149321
0.144847
0.146882
0.147501
0.147344
0.146741
0.141957
0.13887
0.131263
0.124331
0.11967
0.101932
0.089269
0.0662544
0.0690248
0.0661906
0.0636695
0.0590456
0.048792
0.0398267
0.0246486
0.0262996
0.0246209
0.042093
0.0465863
0.0574406
0.0619857
0.0669009
0.0682901
0.0902158
0.0987521
0.102739
0.108691
0.127082
0.138278
0.150133
0.161128
0.159297
0.159415
0.161809
0.152409
0.146144
0.143097
0.136941
0.132695
0.133562
0.143356
0.145011
0.152488
0.158613
0.157535
0.158159
0.164482
0.164001
0.161353
0.156531
0.147459
0.132968
0.125198
0.122045
0.123728
0.120414
0.119262
0.124475
0.132275
0.139781
0.139733
0.131305
0.135652
0.122402
0.102627
0.0895602
0.0911914
0.064462
0.0689655
0.0645622
0.0536736
0.0464076
0.0443112
0.0403158
0.0477974
0.0566882
0.0674158
0.0742373
0.0890373
0.0886116
0.0942695
0.109938
0.122229
0.133959
0.146006
0.141784
0.111528
0.010182
-0.0343514
-0.0954493
-0.133383
-0.215286
-0.115165
-0.0343247
-0.0274305
-0.00239777
0.00769655
0.0163403
0.0311129
0.0340528
0.036543
0.0395696
0.0459612
0.0373351
0.0535405
0.0501653
0.0673187
0.0848796
0.0995119
0.116215
0.122213
0.122466
0.134054
0.137855
0.141562
0.13967
0.13931
0.138709
0.133229
0.127453
0.126128
0.118331
0.112719
0.10328
0.0977037
0.0904181
0.0834587
0.0719512
0.0696272
0.0617653
0.0608847
0.0508994
0.0498902
0.0417585
0.0370061
0.0407013
0.0447059
0.0571717
0.0619391
0.0655559
0.0667104
0.076576
0.0926119
0.100827
0.106951
0.116242
0.132371
0.142253
0.153306
0.163883
0.166247
0.164724
0.158546
0.157549
0.157314
0.153379
0.14631
0.140248
0.140833
0.143506
0.145822
0.14242
0.14831
0.148201
0.153394
0.158783
0.166718
0.15612
0.147123
0.139037
0.129561
0.116439
0.115835
0.117241
0.106543
0.0877273
0.0494532
0.0373402
0.0191469
0.0126688
-0.00292211
0.00683454
0.019327
0.0231514
0.0244682
0.0232742
0.0191759
0.0270356
0.0266384
0.0316125
0.0488219
0.0609588
0.0653323
0.0675469
0.0790157
0.101108
0.113195
0.130351
0.135064
0.138871
0.131192
0.124511
0.116506
0.109721
0.0975014
0.0840493
0.0807796
0.0733888
0.0653989
0.0582447
0.056922
0.051297
0.0476218
0.0504238
0.0501507
0.0639554
0.0687157
0.074634
0.0870406
0.0965406
0.0962525
0.106463
0.11982
0.116439
0.121557
0.137501
0.138222
0.140479
0.140843
0.138192
0.137806
0.125538
0.125538
0.117509
0.105868
0.0927027
0.0703148
0.0671938
0.0676048
0.0611573
0.0652371
0.0568901
0.0486653
0.046893
0.0489782
0.0565721
0.0556404
0.0605981
0.0681462
0.0689674
0.0756211
0.0867717
0.100757
0.109512
0.114105
0.122018
0.148246
0.151144
0.15808
0.163463
0.158694
0.151342
0.141503
0.143756