0.0731303994
0.1428752275
0.1424066098
0.1618971989
0.1612309444
0.1074714536
0.1585613546
0.1484816275
0.1348900927
0.1504177178
0.1037238554
0.1613145807
0.1053783405
0.1362457302
0.1494706123
0.1576158665
0.1505411407
0.08428339376
0.1263796754
0.142230511
0.1358988513
0.03257772591
0.1615801812
0.1638905636
0.1601525555
0.1624670693
0.1661017351
0.1644445165
0.1519769611
0.1668077669
0.1377859252
0.1530686771
0.1057671547
0.1279280804
0.1588241146
0.1560361258
0.1152841217
0.1597392342
0.07447350923
0.07447350923
0.1541624713
0.1551685744
0.1665454995
0.09636891885
0.1461459511
0.1373953408
0.02326800772
0.0933980836
0.1474621968
0.03784852186
0.1343580029
0.1476109831
0.1486831532
0.1343072882
0.0697380067
0.04064670425
0.1633059013
0.1506085999
0.1440902402
0.1391966922
0.05943125952
0.09026896198
0.07627725474
0.1007414334
0.1221926281
0.09290191342
0.09209381991
0.09513627722
0.08103038777
0.02674766451
0.0724255637
0.1485296016
0.1564125052
0.1468679176
0.1502848651
0.1502444348
0.1600738646
0.1111304261
0.1323811635
0.1140659322
0.1495775434
0.156107566
0.1404179183
0.02160766838
0.1574470135
0.1433532006
0.1411511572
0.1615121767
0.1080145208
0.1091377462
0.1547088935
0.09286996493
0.148888126
0.1429063559
0.1573508192
0.1256482141
0.07010636759
0.1253660832
0.1245301718
0.07752094
0.1134053725
0.04573926593
-0.0261127674
0.04749046194
-0.1020923466
-0.2268081393
-0.1664365759
0.02437509312
0.007139235933
-0.04773696002
-0.06103767592
-0.04104423567
0.1268893386
0.142311761
0.1459392111
0.1324785064
0.1197040514
0.09915879661
0.1496647724
0.1550330449
0.1248378042
0.1639910494
0.146629023
0.1315681399
0.1365871747
0.1618515635
0.08045577848
0.05030904533
0.03905064458
0.07041439861
-0.02785925105
0.1402142862
0.09899962511
0.1529451406
0.1022339886
0.1306563971
0.1595140917
0.1403643233
0.1507087422
0.1538288698
0.105804098
0.09996425723
0.1487376488
0.1177587627
0.08642161619
0.139946308
0.161056893
0.1513304037
0.1285212488
0.1235881422
0.07962245447
0.1082792171
0.1574247126
0.1588843339
0.160353321
0.1604115444
0.08980550712
0.1504251107
0.1271733929
0.1510051804
0.03553250672
-0.0005196774983
-0.1734635923
0.09205481947
0.03885438746
0.003428155542
0.04497087336
0.03196809818
0.06871727006
0.04252967873
-0.1438222706
-0.1396662452
0.05345988711
-0.08985014738
-0.004746283824
0.1085194378
0.1063638607
0.1012149861
0.1092554495
-0.005661750185
0.05785840114
0.06219210784
0.02656621306
-0.1652778873
-0.09854180756
-0.07783821044
0.1184262413
-0.01968795951
-0.09382551371
0.05512356527
0.02704455948
0.009096070502
0.02347771783
0.03065056162
0.02110941132
0.01902447731
0.05941825474
0.04475440179
0.0462040557
0.03390945096
-0.09002846498
0.03145811671
0.0450109874
0.06632013741
0.0457515265
0.05486370369
-0.09126941787
0.04173202211
0.01277946799
0.05440543627
0.02592078609
0.04724412524
0.0470112539