0.06839521903
-0.02217712805
0.1077244396
-0.06110219491
0.05189243615
0.0931403677
0.01044116501
-0.07278250758
0.05355283726
0.05572501805
0.0275038727
-0.02317528602
0.07462523787
0.02918540082
0.08563073554
-0.03884192113
0.1230891001
-0.1771377182
0.08275209002
-0.1299835867
0.09333806706
-0.1285047365
0.1233127302
-0.1083563434
0.1057286502
-0.04983444436
0.008609181369
-0.1267355658
-1.31E-03
-0.1433448355
0.07142015369
-0.05728209525
0.07558099
0.01264854084
0.05446542105
-0.03141962357
0.1221495969
-0.1237350488
0.1235058142
0.05895117065
0.05102717904
-0.1231793888
0.05566718284
-0.07990072576
0.06075520974
-0.07272401748
0.09816090515
-0.01617880685
0.1211444947
-0.0229522823
0.06839823519
-0.09595121452
-0.0846383071
-0.1571500849
0.103066001
-0.1284553415
0.09260706599
-0.1449272088
0.1086400862
-0.07031787797
0.08960373972
0.007549973765
0.05988781875
-0.07860240722
0.08116316546
0.05186400691
0.1071637768
-0.07869862763
-0.0268535614
-0.06734878304
0.04929191375
-0.1262357157
0.03323461589
0.05644868539
0.05896487109
-0.1044579992
0.06781659478
-0.139035601
-0.05000739151
-0.1193301965
0.03272679151
-0.07979839978
0.04722787435
0.06531443502
0.1188159103
0.06037747786
0.1177578548
0.04672401306
0.1116762299
0.04360896994
0.06724041182
-0.006094937795
0.09091926306
0.01426366058
0.1054985316
-0.02733898234
0.008871274241
-0.00230418401
-0.08586896224
0.1214984047
-0.06602185274
0.114696183
0.07572831075
0.09274926128
0.03094828624
0.06714744753
0.06636571244
0.1170721144
0.0285426353
-0.008841077989
0.01377016514
0.02383270704
0.02629859692
0.00936152699
0.04457256972
0.103821391
0.0979698629
0.1207505358
-0.02757428264
0.1123356035
0.06770713992
0.04708272197
0.008846962159
0.1024786402
-0.03317386215
0.04982435392
0.01355686929
0.1252698332
0.004203993006
0.1258382239
0.06018935327
0.1067785515
-0.03427581363
0.03639349612
-0.002171717041
0.01023599039
-0.08124175773
0.1072047247
0.08625301861
0.08198751313
-0.05860457435
0.1275409152
0.03561981134
0.1031044168
0.1053423947
0.1007921154
0.06480324066
0.1226274339
0.03578182538
0.1238108193
0.03504372609
0.122341948
0.1017904727
0.04857851646
0.09746635279
0.1311759288
0.1022444582
0.05742294019
0.09951009216
0.007340136155
0.1039217731
0.1268775456
-0.1428843327
0.01176836979
-0.06374339166
-0.02441829307
-0.1209240099
-0.0442202462
0.08122542903
0.08750654835
-0.1152637295
0.1116544145
-0.05143221737
0.09030725991
0.03657741242
0.093378524
-0.06638581414
0.1136549621
0.09403145659
0.03613241525
-0.02355629997
0.05697768519
-0.09911733815
0.02604514904
-0.1012137191
0.01903868901
-0.1121792341
-0.08324942894
-0.1401554048
0.0007004307798
-0.03960008355
0.06819286123
-0.003749096751
0.08570997306
-0.1331446618
0.104926623
-0.06360000616
0.09788669382
-0.03946655723
0.1029296931
-0.06558476623
0.03023540995
-0.1007253843
0.1236485816
-0.1341815006
0.1178987405
-0.1475035553
0.1099411052
0.01849642044
0.05502242211
-0.1077599913
0.1090471876
-0.01366662217
0.0704226073
-0.07681595453
0.02019114271
-0.07942599702
0.07219153108
-0.07111013902
0.009269852549
-0.146944828
0.05182482682
-0.08025206271
0.03686839565
-0.0114591187
0.02181187532
-0.06056053121
0.0467967052
-0.07655913903
0.0596551155
0.06559341869
0.12519385
-0.1153168429
0.116980214
0.04317943398
0.06059084501
0.06898788956
0.1210038641
0.09222129531
0.1219974758
0.03322054375
0.1227412588
0.03565299043
0.1282614478
0.04655332121
0.1297622159
0.03864118088
0.1157619803
0.04507894078
-0.05638064255
0.04284190388
0.009826994414
0.01673165525
0.04569987055
0.01303427844
0.1214547776
0.1080461778
0.1213506225
0.127901703
0.1072742351
0.0370594222
0.01427037532
0.02878325848
-1.05E-02
0.01563299447
0.04213581831
0.08225590157
0.1066792251
0.1184392813
0.1270883019
0.0832440208
0.09294608187
0.1220494616
0.1154618707
0.1201238211
0.1202943378
0.1088122955
0.03336551558
0.01404482212
0.02145821989
0.00326871594
0.002590380756
0.04355547785
0.09656542871
0.09511831619
0.1015005687
0.1292438194
0.1094715165
0.1226082908
0.1016025144
0.1060155647
0.1129753471
0.122082987
0.1073108435
0.1112749932
-0.001706885177
-0.02948870069
-0.00809101464
0.0338373786
-0.003437671594
0.03733812235
0.1215155842
0.1292439586
0.1154794869
0.09642869245
0.08759627849
-0.06422382686
-0.004242691037
0.0383878467
-0.003644770814
0.008545838339
0.1183455929
0.1042337775
0.05004448815
0.03621716325
0.01904533069
0.1083264768
0.1275441031
0.126999971
0.1245606203
0.1300791363
0.125188365
0.1010110682
0.05177814201
0.04046793819
0.006628507395
-0.009830495557
1.80E-02
0.1271676324
0.1192926171
0.1269703625
0.1329947746
0.1240942087
0.1262425376
0.1200882582
0.04872587173
0.002976891357
0.04107358364
0.01310280392
0.03714446672
0.1243398712
0.129332615
0.1125154879
0.1312689513
0.07103159716
0.1184658577
0.1277174653
0.1287114305
0.1284566766
0.1255385747