-0.1428974134
-0.1206579511
-0.1847004505
-0.1461288905
-0.1183014161
-0.1979045204
0.03677858112
0.02903394176
0.02852223663
0.01300754723
-0.02907648204
-0.01921695393
0.008181173091
0.008581719134
0.09061242763
0.05749191721
0.03888310063
0.03699826654
0.008479310083
0.02285843927
0.01027048907
0.05685361074
-0.02780366018
-0.01767725154
0.0608929781
-0.01368542778
-0.01318821982
-0.005196728094
-0.03517917825
-0.1004428711
0.006132569228
0.00618773021
-0.01515541167
-0.04920597345
-0.06511735249
-0.02221231837
0.01029616355
0.02193518468
-0.01602255077
-0.01622679399
0.06135304255
-0.002900622134
0.07487873776
-0.02583787869
0.0009498853834
0.01416758732
-0.03796045561
-0.04050732639
-0.02128337242
0.06808581032
0.05383194904
-0.02705843998
-0.02713291317
-0.06525731562
0.0165081503
0.001992509633
0.002824717068
0.005270027341
0.02060590629
0.06492548078
0.01583429257
-0.02716265975
0.01994444407
0.06181210694
-0.0402466135
0.06691920832
-0.01217197001
-0.0007326020668
0.01864764962
0.01027653541
0.03824475024
-0.07127529634
0.02291017339
0.02655399507
0.0466876239
0.057695245
0.06417182811
-0.02176578928
0.03303327417
0.03948608096
-0.05475455247
0.04280496031
0.04089081911
0.08581657566
-0.08169275882
0.01389448296
0.02012601394
-0.01607854846
-0.08179846379
-0.01475786654
0.01295169956
0.02406895588
-0.005033333527
0.06827410497
0.0001801465037
-0.1141115758
0.00943574338
0.05149485884
0.02862369745
0.03916284167
0.03854070948
0.06560251114
0.04844549655
0.06532647095
0.001585456514
0.03912250393
-0.08440774882
0.06266379204
0.01736340704
0.01661660972
0.06573364585
-0.09626352629
-0.01398919254
0.01207485648
-0.06464266337
0.02650855973
0.007920093663
0.05613010038
0.009639432648
0.03295067734
-0.01516890205
0.04114618939
0.05890691393
0.06142514662
-0.04141221517
0.04326215902
0.06413045703
-0.0787747302
0.05038289462
0.06741015711
0.05519910205
0.01668989631
-0.00919307399
0.02436947648
0.02394423045
-0.001044519399
0.03817061165
-0.02315146202
0.02039207297
0.04442931463
0.009233873685
-7.20E-06
-0.06554739188
0.009973900244
0.04235708331
0.0115942181
0.02819851393
0.07303834311