0.07488251103
0.09336537548
0.02718539783
0.09854369603
-0.09433189467
0.09582845192
0.06361371341
-0.01846745647
-0.0744678605
-0.03758021575
0.07252910595
0.03901773307
-0.02540427627
-0.1022181048
0.03438134247
0.01734491895
0.02234264434
0.09881863883
0.0109114951
0.1093835403
0.05966663871
0.06933228969
0.01906375231
0.07266229287
0.02219487689
0.07165001858
0.0743532356
0.08651217628
-0.03433351692
0.077030975
0.0613563054
0.05904132778
0.09178585481
0.04015116104
0.06582857212
0.02671408527
0.0509007656
0.07486039015
0.07779570531
-0.03997934005
0.08867424576
0.06095998307
0.04655414737
-0.06370918339
0.08494174681
-0.06029506574
0.07856808676
0.09360133088
0.08721550929
-0.0805289436
0.06954426706
0.09134058278
0.07566720609
-0.005214007206
0.005230710404
0.07581677467
0.005724020974
-0.02548207878
-0.03733834301
0.05839519587
-0.05121346919
0.09158458806
0.05049610025
0.08165129393
0.1005200417
0.09003995894
0.06444311966
-0.0002960265336
0.0868809356
0.07600713938
0.09186404149
0.07742330924
-0.004089023191
0.05154058629
0.09194682002
0.02013706423
0.0619838055
0.08552374658
-0.008792229875
0.1113902822
0.07430300689
-0.06360372549
0.06771923042
0.08414024329
-0.003692836788
0.1068244365
-0.02029608664
0.1121992602
0.0006283077947
0.1080754717
0.0563987419
0.09075724419
0.02665358632
0.05922826224
0.08060732677
0.06130593838
0.09680518697
0.05957015853
0.05745963383
-0.008475342895
0.01103088479
0.07470748615
0.05283823775
0.09441715671
0.05212995814
0.07378471398
0.02464936921
0.07437458775
0.08230868644
0.07577979242
0.0794650783
-0.008073480128
0.09060705904
0.07358079989
0.04905080891
0.02439386496
0.1023571552
0.04008216075
0.08982395024
0.06948505431
-0.01447776877
0.07265407202
0.1124125769
0.01610964374
0.09118498126
-0.02187102457
0.1000652053
0.09814317622
0.07589017306
0.001436220498
0.06063230981
0.02764735595
0.05433897165
0.07333467964
0.08220265689
0.09246166344
0.08424441752
0.0907951168
0.07978384394
0.04349143244
0.05729038277
0.09903512372
0.1097143188
0.08346378754
0.0449485378
-0.004031132271
0.02903527468
0.01725283577
0.0369969323
0.09429344435
0.04180654745
0.08656009749
0.02320120253
-0.01714462986
-0.01295183552
0.01342809094
0.08402204543
0.08213433164
0.1029938957
-0.0491529593
0.07874744752
0.06467542759
0.0366921816
0.1074283575
0.06232945054
0.07637048476
0.1014925721
0.09574155944
0.1063425314
0.08303676186
0.08862536592
0.09559557553
0.0228862487
0.03966460974
0.07666942359
0.02806199571
0.09095374779
-0.05861176037
0.0457145811
0.05210289679
0.05672421176
0.09092504011
0.03251093087
0.064329946
0.09782344195
0.04542563159
-0.04277373264
-0.01124783627
0.06530503736
0.07680762981
0.08839236359
0.0558416306
0.08574854809
-0.08234738891
0.03723582177
0.04463914205
0.08927114214
0.08451310854
0.04472862965
0.04199310067
0.06772791458
0.07299370617
0.08560868377
0.08672745334
0.05116465213
0.07446011271
-0.002111008373
-0.0007011741837
0.1044080555
0.06488410619
0.1006262413
0.02190646928
0.01154317106
0.07928428071
0.06958507549
-0.01295775085
0.06343055535
0.0953342317
0.03723213583
0.09448805091
-0.0396925668
-0.0236395218
0.00482110838
0.01377930992
0.09401760602
0.08883004472
0.0822447523
0.05401613691
-0.1629497576
0.05969693516
0.04174932128
-0.003418769664
0.08704925543
0.0973984909
0.08351582977
0.03677815706
0.02020075523
0.03980745273
0.03806069272
0.05571152145
0.09937982953
0.09298402683
0.07960215103
-0.001591070824
0.08561398329
-0.01472657176
0.08209907848
-0.09716052122
0.02408095238
0.09162085171
0.07831366278
0.09068543915
0.09183397368
0.0903833118
-0.05199726606
0.09708817498
0.0793182056
0.1039151126
-0.03246922201
-0.0264667931
0.05652917438
0.004223420811
0.09212579988
0.04056802481
0.1056415314
0.0570615237
-0.0196017823
0.04762257491
0.06585575939
0.01242778397
-0.01206755852
0.08368314901
0.08597462221
0.02652631113
0.03902660525
0.04755854159
0.08297176406
9.98E-02
0.05465469848
0.02302662063
0.07445159847
0.0743183305
0.06744783508
0.06012777487
0.06791998052
0.05744186088
-0.02857927356
0.04670930911
0.06939886762
0.0776871519
0.05632201241
0.08698429007
0.0337489201
0.02443401515
-0.02621691275
0.07788208322
0.02643972587
0.07111934379
0.004721978054
0.02739971044
-0.02781748151
0.091675186
0.03395557397
0.004227433621
0.06879356779
0.1005880818
0.03143375104
0.06771336154
0.004420542136
0.07954239395
0.05611339747
0.0797396283
0.0884769369
0.08233958798
0.05366330715
0.1183197503
0.07045785577
0.07085363766
0.07794972272
-0.001913823684
0.06764317422
0.1076870461
0.08530179587
-0.003808180934
0.09479927243
0.07573065529
0.09597805741
0.04398226904
0.05621822342
0.08260724996
-0.02345867321
0.09293585869
-0.0538249307
0.0194643632
0.09975236335
0.01894288119
-0.02798049124
0.09914762008
0.04904384205
0.04705442724
0.0962952697
0.07557509898
0.03357199047
0.09135664839
0.05043471115
0.05496259978
0.07416058176
0.02461722633
0.09120698371
0.01557821977
0.06324338959
0.09533596083
0.05622782656
0.09562241655
0.05767742568
0.04761992768
0.04688029031
-0.05463065861
0.01434681422
0.0182035182
0.02451786835
0.03876068613
-0.01062008674
0.001202109022
0.06670574391
0.0912652789
0.09982700144
0.07800186219
0.06747460211
0.04557600959
-0.1223128731
-0.07331880468
0.07741875352
0.08389089788
0.04960877143
-0.05217737403
0.07223199318
0.08391091236
0.04166142369
0.00298615905
0.1058798127
0.07498376672
0.03870958276
0.04881636831
0.1000891947
0.08531774355
0.09584630794
0.03767919133
0.02278000147
0.09110863178
0.06491416899
0.03132999487
-0.0008386354005
0.07625681009
0.06371057247
-0.01918197053
0.04378575485
0.0731968538
0.07369433864
0.06757960016
0.0946260103
0.0568796576
0.0742754387
0.06028073516
0.06502777607
0.06138297565
0.09970632743
0.07426162264
-0.01502563859
-0.04959561601
0.06747596619
0.1057173963
0.02014190792
0.09980977078
0.07239410028
0.004372870809
0.07478595411
0.09601481056
0.05299398017
0.09472356269
0.06060587633
0.09910210546
0.0423799328
0.1127656475
0.05972021681
0.03716316402
-0.05745030137
0.05282092263
0.04222419079
0.06293794219
0.002697791078
0.08606867801
0.09159245581
0.08936639231
0.03481226753
-0.01962174224
0.04588797655
0.0854641113
0.07214557023
0.06695563559
0.01430300524
0.1048255242
0.09719673173
0.06592479018
0.1048469344
-0.1309439093
0.09128497746
0.06061230718
0.08817801977
0.09884883386
0.08094896003
0.09849561655
0.06204751662
-0.08525185896
0.09299792831
0.01365285528
0.01126226267
0.08438395171
-0.02284565864
-0.03168858837
0.02606986075
0.06842775138
0.03025449307
0.08172870992
-0.01186506113
0.06812029202
0.05049248641
0.08048112215
0.003160506386
0.03942767356
0.07715131466
0.08359157128
0.1000096945
0.06984334667
0.09037519012
0.0238578354
0.06100756146
0.06837726031
0.05147965912
0.03538803987
0.04479975602
0.08405991677
0.09293590591
0.07339944733
-0.02414143293
0.04718308205
-0.02482966864
-0.05431011051
0.09572024912
-0.04056794373
0.09341218798
0.07817134202
0.08726614879
0.04472097205
-0.06439324371
0.008963201551
0.09913068112
0.09992467287
0.006542315963
0.05784104384
0.07806914663
0.09892288305
0.00214979012
0.07828260748
0.07900575365
0.04519412427
0.05264183154
0.08813260244
0.06677777105
0.0238118933
0.03396734072
0.0518754241
0.04291851524
0.0967810595
0.0842304162
0.08986258327
0.02883140976
0.06676883562
0.01399611993
-0.04612128754
0.07394741179
0.1026259516
-0.06412250215
0.07493670891
0.0946250289
0.07600886435
0.07706232625
0.08519768427
0.08930106617
0.08163859535
0.1004995703
0.04658225212
0.0272595245
0.01854116383
0.03888148794
0.02172214913
0.05252599255
-0.05657801535
0.05903153464
0.02334779305
0.03960881062
0.102047845
0.03016863386
0.05372526608
0.09688793033
0.02733887351
-0.01336882245
0.08832711513
0.03792119752
0.01407612929
0.1071458933
0.09669077209
0.02654827547
0.1053522938
0.09823629708
0.04248983467
0.08936797037
0.06554676868
0.007057428707
0.04673493654
0.06917985188
0.01397850431
0.09746503259
0.08082325225
0.08003819538
0.08984001472
0.09749469417
0.05472298497
0.09351721036
0.08972201657
0.0831598032
0.05419043813
0.09704714963
0.09413432723
0.01333641416
0.04702663814
0.03625311039
0.06799842388
0.06860124343
-0.06054939407
0.02576116763
0.07436236277
-0.003191964652
0.07111363509
-0.0462609281
0.08944221949
0.07757723487
0.09204780039
0.002746575239
-0.01441104585
-0.01260139298
0.0471954798
0.08508807804
-8.21E-05
0.04555662934
0.0349184396
0.01027916425
0.04905403732
0.04630723826
0.05932231314
0.0923321465
0.001996344461
0.09044049311
0.05885320873
-0.01921705032
0.09783364139
-0.03299842905
0.0792819586
0.04177485972
0.07274299976
0.0861395987
0.05312577721
-0.009293292633
0.06791339882
0.03450963318
0.1008492018
0.06342636331
0.0683303245
0.01084655776
0.01023736514
0.07585988734
-0.00684249378
-0.06007191802
0.07258144448
0.1003288993
0.04439848483
0.08666203145
0.08289670545
0.08036691701
0.07407938533
0.08730088513
0.07821190587
0.0994252789
0.07481237976
0.04775604682
0.03998355772
0.08147792248
0.09883915011
0.06044426885
0.06282480727
0.07817845985
0.09500641249
0.07371977423
0.02274111145
0.08582699934
0.02194507848
0.05033990978
0.0322431086
0.03902147047
0.08615326699
0.09494372784
0.1077739159
0.08366707639
0.08651429769
0.0970937041
-0.01997764253
0.06205143501
0.000706446627
-0.01036883596
0.02805088665
0.02763296048
-0.0580158421
-0.04400575033
0.0417138199
0.06973350924
0.07374713764
0.009877617045
0.06731150252
0.05993703786
0.05824206323
0.06044163411
0.09426287627
-0.009636115201
-0.02639114795
-0.005614464677
0.05095580568
0.03548246912
0.08048712198
0.08535128115
0.05231057608
0.06708281885
0.0365102197
0.05336665938
0.09395063913
-0.05316434138
0.1011330944
0.08881971636
0.09572505374
0.06632660114
0.02390499306
0.05573232744
-0.03297981945
0.08392517253
0.04719466744
0.09308968764
-0.01847665486
0.0794494024
0.00355075718
0.07612742456
0.0387315951
0.1032942199
0.07184801733
0.02728740377
0.006828569522
0.08681259268
0.06759205435
-0.08622908187
0.02352736615
0.05009037239
0.07622696171
0.01367656281
0.08712171495
0.04931238592
0.04868530384
0.08970830638
-0.01848181246
0.04262821712
0.01649056227
0.05870361644
0.07831522141
0.07796126121
0.07599069332
0.07386219453
0.08096042823
0.06372198995
0.08249606686
0.09923455746
0.0891070115
0.0368554444
0.09082784733
0.1000621603
0.05307358474
0.05585757411
0.09195942847
0.05236802348
0.09021079564
0.07618638011
0.05144711581
0.07399666914
0.08384207387
0.01624631574
0.07460665684
0.1064657807
0.05153707205
-0.02081863552
0.03019448431
0.02857452301
0.02208820538
0.04966401362
0.05029349642
0.02828837536
0.09487035574
0.1079663638
-0.05890544812
0.08047883467
0.04362772137
0.0633205587
0.05188499479
0.09041071122
-0.02033981683
0.08895249846
0.04612483058
0.05050881287
-0.03292778884
0.1092032207
0.09013530692
0.07803006332
0.1107323451