0.03980985409
0.000863190081
0.05314397338
-0.01312435215
-0.00110304438
0.03102315549
-0.0116486853
0.06787492547
-0.02078605511
0.01874834781
-0.08012712431
0.03753448506
0.0421527699
0.07285196628
0.04470672298
0.04250966752
0.07602046214
-0.03506990977
0.0675555034
0.03379550038
-0.03133088092
0.0526593991
0.02555752293
0.09791775548
-0.05592220462
0.02314521369
0.05856780479
0.04696566289
0.07419168379
-0.004082850295
0.06667502652
0.06923280254
0.1005238181
0.07353861659
0.07506337935
0.06091101175
0.1053996582
0.09882569468
0.04866624703
0.08312528329
0.06337757478
0.08597780583
0.09422230937
0.07508085335
0.06379002847
0.03696062272
-0.03251766673
0.003699031621
0.09408203468
0.006146918239
0.002112181207
0.0546080713
0.09432472093
0.09969066183
0.08512712244
0.08912425415
0.03736421927
0.1014488838
0.09450506487
0.08669246135
0.03452289645
-0.04412754554
0.08556491205
0.03474727328
0.07350157254
0.0825201503
-0.0223052978
0.09031565523
0.09050118569
0.03149222169
0.06775919263
0.06306630653
-0.1038589843
0.02975497388
0.02650206103
-0.01721646395
0.1024520667
0.07100832403
0.02926082165
0.08369177938
0.07860783593
0.04040283008
0.07344925756
0.04496665859
0.06081142109
0.05254712194
0.07572416879
0.02428144427
0.04018486572
0.07759206897
0.07007883773
0.07318905609
0.06211958617
0.06346417393
0.06255082908
0.02270980831
0.0629049049
-0.04042663642
0.0707560106
0.09030967718
0.04555750222
0.009130398519
0.01673616458
0.02666749344
0.03161957583
0.05430715471
0.03537424013
0.06116511309
0.0137886304
-0.04153637788
0.01699580317
0.06243797507
0.06934943523
0.08025313996
0.09560067141
0.06919042167
0.04400523167
0.05606494047
0.0762591298
0.05849354459
0.02732887524
0.06182701352
0.0330874592
0.06470556293
0.05046404989
0.08448633587
0.02908809069
0.04013062936
0.03393111418