-1.29,4.97,-91.27
-1.67,4.91,-90.47
-0.98,5.35,-89.99
-0.84,5.25,-91.32
-0.84,5.00,-91.22
0.82,4.24,-90.14
2.15,4.79,-89.50
1.35,4.35,-88.59
0.72,3.67,-87.79
-0.62,4.25,-87.08
3.34,4.70,-89.29
6.76,4.37,-88.12
12.43,4.31,-83.97
17.07,4.63,-81.30
20.81,5.80,-76.87
24.16,6.30,-72.77
26.33,6.98,-66.88
28.66,7.12,-60.50
29.50,8.50,-55.35
28.55,8.97,-48.03
25.42,9.72,-39.95
18.59,9.34,-31.18
12.62,9.91,-29.03
9.79,8.69,-27.95
6.24,8.74,-27.04
-0.95,8.90,-25.90
-9.30,9.29,-26.50
-14.23,9.83,-26.76
-14.31,10.75,-25.84
-15.36,10.67,-25.83
-13.94,10.06,-26.46
-11.54,9.48,-25.74
-8.07,9.25,-25.81
-3.39,8.78,-25.12
2.81,8.19,-24.45
9.30,9.06,-26.23
14.69,8.73,-29.06
18.54,8.34,-31.71
22.17,8.34,-35.19
24.79,8.18,-37.94
26.98,9.12,-40.95
28.94,9.18,-44.81
29.85,7.84,-48.84
30.20,6.60,-54.48
28.61,6.58,-63.38
25.32,6.52,-70.79
21.07,6.01,-76.64
16.78,5.93,-78.58
13.39,6.46,-82.78
10.95,6.88,-84.23
7.59,6.56,-85.61
5.04,7.31,-86.15
2.32,7.54,-86.30
0.24,7.92,-88.76
-1.12,8.04,-87.49
-1.82,8.39,-87.43
-0.56,8.15,-87.18
1.51,7.46,-86.88
3.54,6.45,-86.49
6.45,5.99,-85.11
9.77,5.65,-83.34
12.65,5.24,-81.45
16.26,4.97,-78.34
19.17,4.46,-76.15
21.69,4.85,-71.61
23.75,4.08,-68.43
25.10,2.72,-63.85
26.18,1.66,-60.41
25.70,0.73,-57.25
25.67,1.67,-55.82
26.89,3.41,-56.38
28.72,6.20,-54.68
30.91,10.41,-53.45
31.92,15.22,-51.33
32.62,21.07,-51.78
31.80,28.59,-51.43
30.00,34.58,-54.02
27.03,39.65,-55.93
22.99,44.40,-55.20
19.30,48.17,-54.90
16.04,49.93,-55.59
15.87,50.05,-58.09
13.98,51.42,-59.06
13.04,51.83,-61.22
12.87,52.55,-59.79
14.43,51.29,-57.17
16.72,50.70,-57.75
21.45,46.34,-56.70
23.88,43.42,-55.38
26.72,38.82,-54.15
29.25,35.02,-52.89
31.14,28.36,-52.34
32.30,22.23,-50.39
30.99,15.08,-48.44
29.31,8.96,-47.07
26.97,4.39,-46.15
23.10,-1.11,-46.33
19.57,-4.61,-46.23
14.49,-7.24,-47.90
9.30,-9.36,-46.58
5.08,-10.82,-47.60
-1.77,-11.57,-47.73
-6.71,-11.98,-47.95
-10.42,-10.90,-47.92
-14.99,-10.17,-50.73
-17.79,-8.81,-49.62
-19.76,-8.15,-50.82
-19.29,-8.42,-50.84
-17.88,-8.53,-50.26
-12.21,-11.25,-51.70
-6.31,-11.85,-51.97
-0.16,-12.54,-51.17
6.04,-12.05,-50.28
10.39,-10.18,-52.64
15.53,-8.81,-53.00
19.45,-6.16,-53.77
22.41,-3.31,-52.99
25.50,0.92,-52.21
27.50,3.17,-51.78
28.12,5.52,-50.82
28.14,5.74,-49.83
28.05,6.27,-46.85
27.51,6.81,-44.23
25.43,6.29,-42.40
24.69,6.26,-40.73
22.68,6.53,-38.39
19.31,6.36,-33.69
14.54,6.64,-30.08
7.80,6.51,-28.09
2.78,7.17,-25.76
-1.23,8.11,-26.26
-5.25,8.70,-25.79
-7.25,9.56,-25.42
-8.72,9.25,-25.73
-9.74,9.05,-25.73
-9.91,8.95,-24.38
-8.53,8.46,-25.56
-5.47,8.34,-26.81
-0.94,7.96,-26.25
4.99,8.09,-25.62
10.89,8.22,-27.83
17.46,8.59,-31.20
23.07,8.22,-36.25
26.77,8.53,-42.44
27.53,6.63,-47.28
28.09,4.97,-52.36
27.95,4.26,-56.32
28.11,4.72,-58.12
27.04,5.53,-62.93
23.50,5.42,-70.54
19.60,6.04,-76.29
12.63,6.03,-80.60
7.35,6.67,-84.83
5.14,7.90,-85.67
2.06,8.09,-86.52
-0.31,9.45,-88.12
-1.86,9.40,-88.24
-1.18,10.21,-89.28
0.56,10.39,-89.38
2.14,9.30,-88.10
4.76,8.68,-87.40
6.88,6.68,-84.42
8.91,3.25,-81.99
12.85,2.93,-80.33
15.99,1.01,-75.02
18.44,-1.26,-71.87
20.08,-0.43,-69.14
20.01,-2.16,-68.68
18.31,-4.11,-65.42
21.33,-2.72,-64.39
22.55,-1.34,-60.93
24.00,-0.57,-58.91
26.00,2.34,-57.45
26.60,3.38,-57.50
28.19,5.87,-55.74
29.26,8.36,-55.15
30.76,11.17,-56.24
31.26,14.54,-54.04
30.65,20.63,-54.60
30.04,26.07,-55.33
28.41,31.02,-54.87
26.45,34.92,-54.97
23.55,38.44,-56.32
20.15,42.11,-56.80
16.69,44.30,-58.12
14.11,45.73,-57.03
12.94,46.28,-57.58
11.74,47.38,-58.61
11.06,47.81,-60.41
11.90,48.18,-59.57
15.38,45.54,-59.55
19.32,43.49,-58.86
23.54,38.05,-57.17
27.17,31.77,-56.73
29.80,25.48,-57.21
31.09,19.06,-56.08
30.14,10.73,-56.02
27.49,4.27,-56.27
23.11,-2.11,-56.71
17.09,-6.74,-56.52
11.02,-9.89,-54.91
5.08,-11.10,-53.83
-3.31,-11.18,-52.87
-8.28,-10.44,-51.83
-14.78,-9.03,-51.60
-18.26,-7.43,-50.74
-20.57,-5.51,-49.22
-22.55,-4.26,-51.20
-20.06,-5.53,-51.23
-14.01,-9.02,-52.58
-9.07,-10.38,-53.64
-0.02,-11.35,-55.53
6.91,-10.02,-56.40
14.54,-7.59,-56.02
20.08,-3.76,-55.03
24.13,1.10,-56.48
26.10,3.99,-57.65
28.02,7.19,-57.09
28.54,9.22,-56.69
29.10,11.43,-56.23
29.42,11.84,-56.13
29.28,12.27,-55.40
28.50,11.57,-53.88
28.19,11.21,-52.00
28.37,11.57,-51.15
27.16,10.60,-49.38
26.18,9.31,-48.23
25.76,8.53,-47.05
23.89,5.88,-48.62
26.88,-1.64,-62.84
54.49,-72.62,-186.47
399.99,399.99,399.99
399.99,-268.48,-27.67
-400.00,200.61,29.25
-53.44,-22.33,-95.00
-16.67,-12.95,-63.06
-26.70,-13.38,-57.01
-24.67,-16.88,-56.87
-29.76,-6.31,-36.72
-38.48,4.30,-2.12
-22.40,-1.05,0.44
-18.03,-15.92,0.96
6.09,-11.08,-13.81
2.47,1.57,-20.63
-0.15,1.90,-20.32
2.00,2.76,-20.06
5.66,4.17,-18.79
9.08,5.68,-20.01
12.30,6.07,-21.28
16.19,7.74,-22.77
20.76,9.58,-25.34
23.34,9.20,-30.36
27.50,11.38,-33.23
29.14,11.04,-39.15
30.88,13.24,-44.98
30.62,14.04,-52.99
26.94,11.16,-58.45
22.53,12.38,-65.30
16.91,12.38,-70.02
14.09,11.11,-71.45
11.80,10.30,-71.53
8.46,11.91,-75.20
5.00,11.36,-75.92
2.75,11.57,-76.53
1.57,11.85,-77.17
1.93,11.52,-75.65
3.08,11.99,-76.54
3.81,12.00,-76.66
6.43,12.39,-76.21
10.41,10.84,-75.77
14.29,9.12,-73.18
19.74,7.56,-67.10
22.86,5.83,-60.63
23.35,3.72,-58.08
22.08,1.23,-54.03
21.56,1.09,-51.67
22.31,0.31,-49.49
22.20,0.93,-49.00
24.80,2.97,-47.40
25.17,4.70,-48.06
27.83,7.04,-47.46
29.48,10.69,-47.91
30.18,14.12,-46.89
31.34,19.19,-48.21
31.34,24.19,-47.24
30.20,30.49,-47.27
28.00,37.76,-47.40
24.35,43.15,-45.98
20.91,47.09,-46.80
17.41,49.24,-48.91
14.50,51.48,-50.37
11.34,52.97,-52.55
9.22,54.35,-53.61
8.13,54.58,-51.87
9.23,54.63,-51.66
10.96,53.85,-52.11
14.73,50.39,-50.95
18.66,47.58,-50.38
23.46,42.14,-49.34
26.25,38.23,-49.12
29.03,31.96,-47.58
30.80,26.21,-47.19
30.36,18.09,-48.41
28.55,11.87,-49.83
25.26,5.15,-49.30
21.19,0.87,-51.27
17.43,-3.44,-49.51
11.67,-6.99,-49.93
5.24,-9.46,-48.03
-1.66,-10.07,-46.56
-7.46,-9.73,-45.31
-11.99,-9.46,-44.18
-15.78,-7.82,-44.48
-18.46,-6.62,-43.15
-20.89,-5.80,-42.99
-19.69,-6.38,-42.38
-15.87,-7.54,-43.68
-9.83,-9.11,-44.90
-4.30,-9.64,-45.04
3.19,-9.70,-48.02
10.53,-7.50,-47.51
15.37,-5.80,-48.45
18.43,-3.74,-48.51
22.07,-0.89,-50.24
25.10,4.15,-51.50
27.23,5.87,-49.28
26.87,6.74,-46.97
26.88,5.83,-44.92
25.17,4.20,-44.92
25.98,5.54,-44.69
26.43,5.47,-44.36
25.37,5.69,-43.97
26.05,6.35,-41.98
26.09,7.39,-39.97
25.54,7.56,-37.44
24.45,7.15,-37.12
23.32,7.57,-34.16
23.44,8.29,-32.84
21.62,6.96,-30.38
19.54,6.93,-29.50
18.66,6.70,-27.16
15.91,4.93,-25.22
12.55,3.28,-23.44
10.58,0.18,-23.27
8.58,-3.42,-21.72
7.86,-5.48,-22.45
7.25,-7.70,-23.35
7.41,-7.15,-24.18
9.07,-3.80,-24.40
9.79,-1.84,-27.11
14.81,3.54,-26.64
17.58,4.50,-29.90
21.07,5.35,-31.86
24.69,6.71,-35.34
26.17,5.40,-40.82
29.24,7.25,-44.46
29.91,5.63,-49.52
29.09,4.09,-55.16
28.33,3.99,-60.18
25.94,0.71,-64.21
22.97,1.04,-70.13
21.08,0.43,-73.56
17.52,0.70,-79.53
17.33,0.55,-80.24
17.60,2.67,-82.01
23.89,3.88,-86.82
35.63,8.67,-101.32
97.53,34.00,-167.82
356.34,189.21,31.68
79.91,399.99,399.99
-240.45,-265.76,-400.00
-40.99,-61.89,-161.05
-29.03,-55.80,-109.69
-1.33,-17.49,-83.85
7.59,1.73,-81.79
12.21,5.32,-75.89
15.63,6.16,-70.53
19.65,6.42,-66.11
22.51,4.96,-61.17
25.04,5.42,-57.43
26.21,5.47,-54.74
26.86,6.02,-52.15
27.19,6.05,-49.46
27.25,5.94,-47.46
26.99,5.73,-44.34
26.75,6.07,-45.30
26.28,5.90,-43.85
25.70,5.02,-44.09
25.81,5.42,-44.10
23.94,2.89,-43.97
22.74,0.72,-45.00
21.13,-0.67,-43.51
18.35,-3.47,-44.53
16.00,-4.93,-44.59
13.26,-7.12,-41.92
10.07,-8.98,-43.88
6.19,-10.21,-44.26
1.55,-11.33,-43.07
-1.56,-11.34,-43.09
-5.81,-11.38,-42.21
-10.07,-10.57,-40.94
-14.51,-9.28,-41.33
-17.68,-7.54,-39.92
-20.29,-6.45,-39.87
-21.75,-5.20,-39.64
-23.05,-4.69,-41.03
-21.62,-5.70,-40.54
-16.83,-8.18,-41.58
-11.54,-10.66,-42.09
-5.75,-11.17,-42.38
1.14,-11.12,-43.63
7.60,-9.45,-45.37
14.48,-6.84,-44.82
19.76,-3.19,-44.71
23.77,1.20,-44.95
27.60,6.08,-44.73
29.58,11.71,-44.25
31.01,18.38,-45.00
30.49,24.35,-44.59
29.76,30.73,-44.97
27.09,37.30,-45.52
23.02,42.50,-47.06
18.54,46.92,-48.10
14.90,49.00,-48.93
11.95,50.85,-49.48
10.28,51.03,-51.31
10.74,50.74,-52.17
12.83,50.40,-51.86
17.19,46.88,-51.67
21.97,42.99,-50.49
25.56,37.23,-50.01
28.34,31.18,-49.71
30.31,23.40,-48.96
29.82,15.80,-49.93
28.05,9.39,-50.37
26.87,6.12,-49.84
25.63,3.33,-49.10
25.90,2.66,-49.02
25.88,3.58,-47.63
26.72,3.12,-46.63
26.76,3.74,-45.00
26.55,4.52,-41.89
26.32,4.86,-40.00
25.72,5.82,-38.04
25.26,5.97,-35.46
22.55,5.30,-33.31
21.50,5.44,-31.57
19.07,4.81,-28.81
15.71,3.54,-27.28
12.54,2.19,-25.84
8.23,-0.55,-25.33
4.86,-2.27,-26.31
2.76,-4.03,-28.26
1.50,-5.16,-27.66
0.89,-6.40,-28.65
1.12,-6.04,-28.04
2.87,-4.46,-27.76
4.57,-2.42,-26.01
7.84,-0.67,-28.02
11.61,1.40,-27.92
14.98,2.70,-28.16
19.63,5.47,-30.29
21.36,4.68,-31.64
24.06,5.73,-35.16
27.33,7.12,-39.37
28.65,7.30,-44.64
28.98,7.65,-49.26
27.78,7.29,-54.16
26.15,5.98,-57.35
23.43,5.43,-61.55
19.97,6.20,-67.21
17.10,6.56,-68.92
15.42,6.67,-70.00
14.49,6.74,-70.28
13.11,8.11,-72.45
11.08,9.31,-74.19
8.23,10.08,-76.48
5.16,9.03,-76.67
2.09,9.46,-77.06
0.01,9.40,-76.07
-0.34,7.81,-76.49
-0.26,7.31,-76.50
0.68,7.18,-75.18
4.52,6.73,-75.04
6.74,5.03,-72.79
9.62,5.38,-72.83
12.73,4.52,-71.34
14.84,4.91,-69.48
17.47,3.55,-66.19
19.17,3.16,-63.71
20.19,2.31,-58.79
20.73,0.63,-55.99
19.56,-0.74,-53.10
16.35,-3.17,-51.10
13.27,-4.42,-48.28
11.62,-5.25,-47.19
8.69,-6.62,-47.17
7.18,-8.01,-47.95
4.82,-8.23,-47.46
1.37,-9.24,-48.52
-0.93,-10.18,-48.33
-5.44,-11.11,-49.79
-10.60,-12.92,-52.47
-17.07,-17.50,-62.90
-28.67,-38.34,-85.27
-37.72,-113.89,-95.74
-33.94,-270.65,-20.26
26.70,-400.00,196.45
164.39,-400.00,399.99
222.40,-259.18,399.99
227.33,-90.21,399.99
153.38,-159.62,399.99
90.22,-248.73,399.99
-203.42,-395.00,-61.05
-400.00,-400.00,-173.07
-79.08,399.99,-400.00
399.99,399.99,399.99
399.99,-116.03,399.99
44.52,-400.00,399.99
37.57,-400.00,399.99
-25.39,-345.51,0.05
-8.98,-129.26,-76.44
5.46,-40.80,-75.79
3.27,-11.27,-59.13
8.06,-7.82,-51.28
12.88,-5.18,-48.88
16.56,-2.21,-46.36
21.59,2.84,-46.77
25.76,9.05,-44.01
26.94,15.37,-43.43
27.75,21.23,-43.31
27.26,27.37,-44.80
25.72,32.48,-46.70
23.54,36.82,-47.30
21.19,39.82,-48.39
19.10,41.93,-49.95
15.82,45.20,-49.17
12.74,47.23,-49.38
10.23,49.08,-50.70
7.60,49.65,-51.25
6.71,50.26,-52.31
6.12,50.71,-52.92
6.57,50.73,-52.98
6.25,51.05,-53.70
9.41,49.84,-51.56
13.13,47.63,-50.37
17.94,44.54,-49.96
21.78,39.78,-48.40
25.60,33.56,-47.67
28.04,26.75,-48.06
28.92,22.19,-48.66
28.88,18.04,-49.02
28.88,13.11,-48.36
27.17,7.53,-49.10
26.16,5.98,-48.56
26.46,4.87,-47.11
26.32,3.92,-47.78
25.68,3.87,-46.47
25.16,3.44,-44.81
24.99,3.85,-42.11
24.90,4.85,-39.65
23.33,4.74,-35.33
21.73,4.35,-33.57
19.32,3.87,-30.57
17.21,2.95,-29.17
14.56,3.14,-27.04
10.77,2.26,-25.38
7.30,1.97,-22.74
4.83,0.10,-22.79
2.91,-0.62,-21.96
0.99,-3.11,-22.08
-0.05,-5.27,-22.49
-0.96,-6.91,-24.00
0.33,-6.25,-22.97
2.25,-4.91,-24.69
4.47,-3.00,-23.50
7.29,-0.74,-25.15
10.22,-0.18,-25.72
13.44,1.11,-27.54
16.83,2.77,-29.82
20.46,4.33,-32.60
23.25,6.29,-36.65
26.15,6.54,-41.21
26.16,7.68,-45.69
26.34,7.52,-49.66
25.31,6.32,-54.42
23.88,6.84,-59.07
21.34,6.26,-61.30
19.35,6.48,-63.92
16.11,6.81,-67.79
13.10,7.67,-69.47
9.44,8.68,-72.38
7.28,9.57,-72.90
5.49,10.13,-73.54
3.04,10.82,-75.34
0.39,11.33,-75.13
0.04,11.16,-76.48
0.17,11.18,-75.78
0.74,11.12,-74.29
2.34,9.53,-75.59
4.79,7.57,-73.19
7.13,7.09,-73.17
9.79,6.54,-70.04
12.37,6.57,-68.80
15.10,6.03,-66.35
18.42,5.81,-62.95
21.20,5.55,-58.64
21.29,5.37,-56.90
22.17,5.25,-56.46
21.46,6.10,-54.38
22.27,5.82,-53.55
22.46,5.53,-51.72
22.17,4.86,-50.82
22.18,4.76,-51.07
22.38,4.15,-49.16
21.94,3.67,-47.13
22.35,4.93,-45.15
25.04,8.13,-46.86
25.99,11.54,-46.42
27.09,15.14,-44.67
27.69,19.40,-45.31
27.51,24.33,-44.47
26.38,28.94,-42.03
24.40,33.48,-44.35
22.35,37.37,-45.56
19.43,41.04,-47.09
16.75,44.46,-48.85
13.76,45.72,-47.89
10.40,48.03,-48.69
8.01,48.32,-49.71
6.80,48.95,-50.09
5.25,49.87,-50.01
6.62,49.04,-49.96
6.69,48.69,-50.22
10.80,48.44,-48.18
14.48,45.68,-47.92
18.13,42.25,-48.54
22.40,37.59,-47.31
25.29,31.68,-45.07
27.92,25.44,-45.70
27.95,20.26,-44.30
28.15,14.48,-46.50
26.76,9.11,-45.41
24.15,3.45,-44.60
21.36,-0.62,-44.98
18.09,-4.19,-45.91
13.88,-7.46,-45.65
9.01,-10.24,-47.17
3.00,-11.10,-46.73
-1.14,-12.54,-46.85
-6.99,-12.28,-48.33
-11.11,-10.58,-46.22
-15.56,-9.72,-45.07
-18.55,-8.63,-44.53
-18.47,-8.58,-45.10
-20.50,-7.98,-43.86
-19.47,-8.78,-45.03
-17.05,-9.18,-44.14
-14.25,-10.35,-45.83
-10.36,-11.49,-46.03
-6.27,-12.07,-46.39
-0.93,-11.45,-47.53
5.42,-10.78,-46.70
9.89,-9.00,-47.12
15.15,-6.04,-48.19
19.95,-2.27,-47.08
22.44,1.99,-48.35
25.15,6.59,-48.41
26.51,9.67,-49.12
26.43,11.13,-48.83
26.25,11.63,-47.88
26.27,11.15,-49.32
25.67,11.16,-48.78
26.35,10.53,-47.63
26.11,10.68,-46.81
26.12,9.96,-46.19
25.21,9.39,-44.49
24.93,9.03,-42.46
23.77,7.64,-41.02
23.45,7.13,-40.06
22.23,6.19,-39.65
21.34,3.83,-37.84
21.79,-0.81,-36.28
28.43,-13.88,-40.69
68.29,-57.47,-19.42
160.50,-164.17,283.39
-171.56,110.75,399.99
-400.00,-37.61,-400.00
-54.79,-40.61,-117.02
-36.28,-15.58,-40.32
-14.79,-9.42,-22.36
-2.11,-7.82,-24.41
2.81,-5.32,-25.81
4.49,-3.48,-28.72
3.27,-2.67,-30.27
3.53,-1.34,-29.68
4.61,-0.67,-27.80
7.67,0.95,-28.22
10.80,3.25,-27.99
13.60,5.14,-27.05
16.69,6.02,-29.06
19.63,7.13,-31.36
23.65,8.84,-33.73
24.77,9.66,-37.04
26.68,9.46,-40.64
27.37,9.50,-44.91
27.94,11.93,-47.96
27.54,13.10,-53.54
26.17,12.18,-57.31
23.36,11.67,-62.13
21.01,11.56,-65.94
16.71,9.96,-68.85
10.47,9.73,-72.47
6.51,10.00,-75.51
3.17,9.19,-75.60
1.75,10.27,-75.43
-0.01,10.49,-75.61
-2.69,11.07,-77.37
-4.08,12.40,-77.03
-4.04,13.10,-76.83
-0.85,11.34,-76.10
2.04,9.69,-75.15
5.22,7.76,-74.41
7.14,7.50,-72.92
9.53,6.40,-70.68
12.26,6.47,-69.09
14.33,4.70,-65.30
16.58,3.72,-62.62
16.85,1.09,-58.11
17.54,-0.65,-53.43
16.52,-2.43,-50.60
14.33,-4.25,-47.11
14.10,-5.19,-45.43
12.92,-5.02,-45.72
12.94,-5.47,-45.06
15.12,-3.91,-45.12
17.41,-2.93,-46.40
19.48,-0.34,-45.97
22.01,2.99,-45.78
24.23,5.37,-46.07
25.89,9.12,-44.58
26.73,12.77,-44.71
27.45,16.81,-46.36
28.08,21.24,-47.03
27.48,26.76,-46.96
26.71,29.13,-48.65
25.59,31.69,-48.22
23.89,34.63,-48.91
22.64,36.46,-48.90
20.75,39.50,-50.16
18.10,42.21,-52.39
16.26,44.53,-50.87
11.02,47.64,-51.05
9.17,49.00,-51.89
8.91,48.49,-51.84
7.97,48.27,-51.95
10.64,46.80,-52.19
15.10,44.47,-51.07
20.07,38.88,-50.96
24.44,31.81,-50.48
26.98,25.55,-48.78
27.75,17.92,-48.49
27.11,11.39,-48.55
24.60,6.25,-46.68
21.57,1.70,-46.98
17.38,-3.96,-46.13
12.74,-6.64,-45.92
8.02,-9.22,-46.08
4.53,-10.22,-46.44
0.77,-11.12,-44.54
-2.29,-11.76,-43.82
-5.66,-11.45,-43.19
-8.37,-11.01,-42.99
-13.21,-10.60,-42.85
-16.56,-9.05,-42.20
-18.75,-8.83,-41.71
-17.94,-8.72,-42.44
-17.69,-8.48,-41.74
-12.83,-10.33,-42.50
-6.47,-11.79,-43.91
-2.42,-11.67,-43.52
4.48,-10.63,-45.68
12.10,-8.96,-46.07
17.07,-5.88,-45.96
21.25,-1.60,-45.02
22.12,0.32,-45.98
25.09,3.87,-45.68
26.34,6.34,-46.04
26.62,7.84,-44.63
26.81,9.36,-45.46
25.95,8.95,-44.80
26.38,8.54,-44.73
25.27,8.17,-43.09
24.69,7.62,-42.15
23.95,7.04,-38.50
21.90,6.13,-36.93
21.06,6.57,-35.27
19.51,5.57,-32.98
18.04,4.81,-31.45
15.97,4.60,-31.45
14.32,5.15,-28.63
11.00,3.17,-29.41
8.42,1.48,-29.60
6.27,1.50,-28.96
5.30,-1.03,-30.20
2.93,-3.43,-31.18
2.66,-6.62,-33.41
0.26,-8.22,-32.39
0.01,-8.59,-32.06
-1.33,-7.03,-30.53
0.38,-5.75,-29.24
2.06,-2.54,-28.03
6.46,0.99,-27.81
11.13,2.84,-27.81
15.38,4.79,-29.85
19.75,6.69,-32.52
22.75,7.36,-35.52
25.00,8.81,-39.82
26.48,10.08,-43.80
27.93,11.56,-48.08
26.04,13.00,-55.10
26.26,14.94,-59.70
24.79,16.50,-62.46
21.79,18.14,-66.63
19.13,17.20,-69.07
14.36,16.78,-72.45
10.91,16.43,-74.21
10.51,16.26,-75.16
9.02,17.96,-75.95
6.14,18.44,-76.89
5.54,18.02,-76.64
4.80,17.04,-75.73
4.98,16.15,-76.22
6.84,15.25,-75.32
10.16,12.84,-73.16
11.91,11.30,-72.72
15.76,9.67,-67.64
19.87,7.13,-63.20
20.86,4.77,-57.57
22.20,4.06,-56.77
22.83,3.55,-54.04
23.30,4.10,-53.93
23.79,4.14,-51.72
22.40,2.91,-49.35
20.65,0.73,-45.78
20.53,0.49,-44.64
19.89,-0.51,-45.70
19.34,-1.00,-45.34
19.27,-0.89,-45.47
19.47,-0.46,-46.01
20.64,0.48,-45.89
21.57,1.95,-46.09
23.02,4.50,-46.03
25.99,9.75,-46.55
27.01,12.79,-47.50
27.44,18.46,-46.23
28.42,22.83,-47.18
27.12,27.15,-47.05
26.09,33.37,-48.00
23.47,37.83,-49.06
21.39,41.71,-48.24
17.96,44.46,-50.46
15.82,46.34,-49.38
13.31,48.10,-49.63
11.24,49.44,-49.48
8.74,50.27,-49.57
8.74,51.00,-50.84
9.23,50.40,-48.97
11.06,49.87,-48.54
14.05,46.74,-49.32
18.59,43.40,-48.00
21.74,39.29,-46.26
25.52,34.02,-47.06
27.21,28.96,-46.29
28.49,22.60,-47.44
27.93,17.24,-47.62
28.12,12.01,-48.49
26.34,7.35,-48.43
23.45,2.05,-49.37
19.63,-2.55,-48.45
15.39,-6.35,-48.49
9.20,-9.20,-49.50
3.36,-11.00,-48.54
-3.05,-11.62,-49.26
-9.11,-11.41,-49.08
-13.77,-10.90,-46.89
-16.32,-10.18,-45.34
-16.75,-9.73,-44.91
-18.07,-9.44,-43.86
-17.27,-10.23,-44.41
-15.20,-10.78,-43.54
-11.30,-11.40,-43.40
-7.07,-11.73,-43.33
-2.16,-11.56,-44.63
1.46,-11.39,-43.49
5.96,-10.17,-44.01
9.94,-8.68,-43.31
14.20,-6.12,-42.49
17.02,-3.80,-41.61
20.07,-1.57,-42.74
21.86,1.67,-44.14
24.67,5.15,-44.12
26.21,8.39,-44.86
27.71,11.62,-45.95
27.34,13.85,-47.12
27.67,16.03,-45.92
27.42,16.27,-48.32
27.76,16.33,-47.29
27.76,16.44,-48.00
27.58,15.87,-48.05
27.65,15.64,-48.39
27.49,14.28,-46.24
26.57,13.43,-44.90
25.84,11.21,-41.97
23.38,8.18,-40.12
21.50,6.10,-38.15
19.25,4.39,-36.69
16.98,3.16,-34.77
14.79,2.31,-33.47
11.58,0.22,-31.64
8.11,-2.14,-31.63
5.58,-4.42,-29.87
3.16,-5.91,-28.53
1.05,-6.91,-26.87
0.51,-6.19,-23.63
0.51,-5.19,-21.52
-0.17,-3.85,-20.15
0.11,-3.99,-20.68
2.08,-1.54,-20.74
4.90,1.81,-19.25
9.19,4.76,-22.11
13.64,7.67,-24.08
18.69,8.80,-27.10
21.53,10.50,-30.22
23.95,11.35,-33.76
26.54,12.71,-35.95
28.76,13.62,-42.77
28.19,13.98,-49.04
28.53,13.72,-54.06
24.95,13.94,-58.78
23.58,13.16,-63.54
19.69,13.15,-67.87
15.72,13.43,-70.72
11.44,13.89,-72.99
7.46,14.44,-74.73
4.50,15.65,-75.71
1.98,16.67,-77.06
-1.34,15.53,-77.21
-2.69,14.72,-77.28
-1.10,14.23,-77.28
-0.40,13.62,-76.77
2.42,11.76,-75.61
6.93,9.48,-73.96
10.10,7.98,-71.01
11.00,6.74,-71.04
13.81,5.42,-66.71
17.60,3.96,-62.33
20.47,3.05,-58.20
21.40,3.32,-53.22
22.22,3.17,-49.93
22.71,3.09,-46.51
22.63,2.97,-46.02
22.58,3.20,-44.57
22.01,2.76,-44.37
21.86,2.54,-44.12
22.11,2.80,-43.73
21.13,1.54,-43.87
22.52,3.02,-44.06
23.67,4.53,-43.42
25.48,6.97,-43.07
25.71,8.04,-44.08
27.16,10.75,-43.29
28.48,14.75,-44.68
28.91,19.80,-44.93
28.74,25.95,-46.48
26.54,33.00,-47.61
24.71,37.94,-48.80
20.95,42.88,-48.69
18.59,44.93,-48.00
15.49,47.19,-47.57
14.14,48.57,-49.26
11.02,49.46,-48.93
9.34,50.81,-49.82
7.84,50.89,-49.71
9.35,50.18,-50.34
11.02,48.99,-50.52
14.89,46.97,-48.80
20.06,40.93,-48.19
23.43,36.57,-48.63
26.21,29.98,-47.60
28.63,22.64,-47.31
27.55,13.75,-45.72
25.20,6.26,-43.59
22.57,1.25,-42.53
18.70,-3.98,-43.13
14.93,-6.97,-42.65
8.11,-10.58,-42.59
4.14,-13.42,-42.99
-1.88,-17.18,-39.22
-9.05,-27.76,-29.90
-9.45,-56.97,12.35
7.52,-122.20,196.68
-92.24,17.38,399.99
-400.00,44.25,-400.00
-70.52,-30.76,-87.43
-47.52,-2.73,-42.05
-33.46,-3.37,-36.00
-26.20,-6.42,-34.84
-21.36,-9.44,-36.51
-16.71,-10.99,-38.75
-8.79,-13.04,-38.48
-3.85,-13.29,-41.52
1.82,-12.17,-41.46
6.53,-11.13,-43.92
11.19,-9.66,-42.29
13.93,-7.68,-45.18
18.90,-4.76,-44.57
20.89,-1.53,-44.52
22.74,0.17,-43.01
24.39,3.36,-42.00
24.71,4.93,-41.80
26.15,6.76,-42.55
26.98,8.24,-43.71
27.94,9.34,-44.65
27.09,9.83,-45.03
27.31,9.88,-44.53
27.05,8.78,-44.37
26.56,9.00,-41.36
25.90,8.33,-39.23
25.84,9.56,-36.49
24.40,9.85,-34.42
22.20,8.53,-30.93
18.63,7.56,-27.75
15.73,5.55,-26.76
11.43,3.89,-26.39
8.90,2.42,-25.35
5.04,-0.35,-25.77
3.08,-0.55,-23.08
0.92,-3.16,-23.32
-0.98,-5.75,-25.18
-1.77,-6.63,-24.11
-1.92,-5.38,-23.61
0.74,-3.14,-23.44
3.98,-0.07,-22.45
8.08,3.21,-23.93
12.76,6.15,-24.27
16.75,7.92,-27.19
21.96,10.45,-29.60
25.57,12.34,-34.92
29.11,13.83,-42.35
28.59,16.39,-49.77
27.00,17.42,-55.00
25.89,17.44,-58.15
24.13,18.44,-62.66
19.87,19.40,-68.79
14.54,19.27,-72.40
10.46,18.58,-73.66
7.40,18.23,-75.16
3.43,17.27,-76.17
0.38,17.33,-76.70
-2.64,16.46,-75.92
-4.26,15.87,-76.15
-3.22,16.21,-77.04
-1.53,14.28,-76.21
2.71,11.49,-75.60
6.09,9.56,-73.17
9.79,7.82,-70.47
13.61,6.03,-67.96
16.10,4.60,-64.09
20.28,3.65,-59.40
21.84,1.43,-54.55
21.33,1.23,-50.68
21.26,-1.28,-47.11
21.35,-1.25,-45.72
20.72,-1.98,-44.86
20.37,-2.17,-44.85
21.09,-1.43,-43.92
21.80,-0.38,-42.57
23.17,2.10,-41.06
25.42,4.39,-42.83
25.40,5.76,-42.31
27.28,9.11,-42.75
27.78,11.73,-41.99
28.50,14.37,-42.05
29.05,17.86,-41.99
29.11,19.92,-42.90
28.42,23.41,-42.27
27.91,26.93,-43.20
27.26,29.92,-43.31
25.51,32.58,-43.93
23.17,35.93,-45.18
19.69,40.87,-45.39
16.39,44.80,-47.44
13.31,46.66,-47.97
11.10,47.86,-48.01
10.85,48.55,-48.08
9.55,49.54,-48.01
11.29,48.51,-48.39
14.17,46.34,-48.17
18.77,42.81,-47.91
22.73,38.53,-47.60
25.29,34.35,-48.30
28.05,28.21,-47.63
28.94,21.69,-45.98
27.95,13.55,-44.34
26.01,7.51,-43.01
22.75,1.16,-41.82
17.29,-4.41,-43.14
11.85,-7.85,-43.95
8.02,-9.62,-46.73
4.64,-10.23,-46.90
2.12,-11.13,-47.25
-4.48,-11.49,-47.33
-9.57,-11.39,-46.59
-12.96,-10.42,-46.20
-14.17,-10.28,-45.80
-15.36,-9.48,-46.13
-15.83,-9.53,-44.54
-14.27,-10.25,-45.70
-8.56,-11.52,-45.78
-5.00,-11.33,-44.60
-0.35,-11.40,-44.64
5.41,-10.25,-44.17
8.39,-9.57,-42.83
14.90,-6.35,-43.29
21.01,-1.78,-43.88
23.40,2.50,-45.50
26.34,6.90,-43.69
27.33,9.86,-46.26
27.76,10.41,-46.47
27.53,10.96,-45.42
27.55,11.56,-46.11
27.66,11.84,-44.92
28.23,11.49,-44.93
27.03,11.24,-43.91
27.47,11.08,-43.21
27.23,11.17,-42.44
27.01,11.55,-41.93
26.64,11.07,-39.73
25.73,9.83,-37.28
23.07,7.81,-33.90
20.31,5.51,-32.21
16.11,2.98,-30.44
12.90,1.38,-30.49
9.17,0.22,-31.37
6.29,-0.93,-30.76
5.31,-1.16,-31.14
3.50,-3.33,-30.87
3.49,-4.99,-31.95
1.68,-7.23,-30.99
1.39,-9.17,-28.86
0.61,-8.47,-27.70
0.61,-6.26,-24.98
2.77,-2.42,-22.33
6.34,0.71,-21.30
9.89,3.44,-22.89
14.89,5.14,-25.72
19.45,6.56,-26.45
23.51,8.07,-32.12
26.57,9.73,-37.77
27.78,12.12,-43.01
28.59,12.78,-48.80
27.76,14.86,-53.19
26.54,14.14,-58.42
22.25,15.32,-65.01
16.80,16.85,-69.75
11.45,15.25,-73.41
8.81,14.98,-73.41
7.30,15.63,-74.28
4.98,14.29,-75.85
2.17,14.42,-75.65
-0.71,13.87,-76.46
-0.20,12.93,-75.90
1.22,11.50,-75.50
3.50,10.46,-74.45
7.01,8.84,-73.46
11.29,6.40,-70.41
14.93,6.93,-67.40
18.05,6.63,-64.09
20.04,5.40,-59.07
22.45,3.70,-54.85
22.42,2.71,-50.77
22.68,3.99,-45.31
22.46,3.55,-44.98
21.81,3.69,-45.58
21.87,3.69,-45.63
21.00,3.28,-45.47
20.81,1.93,-44.30
19.82,0.15,-43.44
17.85,-2.33,-43.95
16.33,-3.87,-43.96
14.23,-5.52,-43.68
11.95,-8.45,-46.42
8.94,-11.77,-48.45
4.50,-16.36,-57.20
-2.39,-23.68,-83.14
-2.20,-89.33,-170.20
83.73,-400.00,35.12
7.20,-203.47,394.76
-68.04,107.09,313.35
-55.79,107.23,-27.54
-32.53,34.74,-48.69
-28.70,19.20,-42.08
-29.86,15.15,-33.63
-33.37,8.17,-22.09
-30.43,-15.94,-22.51
-18.19,-17.75,-38.10
-8.98,-14.31,-42.03
-4.82,-12.01,-42.21
-1.22,-11.33,-43.18
5.44,-10.58,-42.68
7.81,-8.61,-43.05
15.16,-5.53,-42.00
20.63,-0.87,-43.68
25.59,5.64,-43.10
28.89,14.54,-44.35
29.39,23.32,-45.35
28.63,28.98,-43.66
26.16,34.28,-43.95
23.23,39.04,-45.15
20.50,42.82,-45.26
17.59,45.25,-46.56
13.54,47.38,-47.58
10.90,49.73,-49.50
7.58,50.79,-49.51
7.45,50.85,-49.99
5.80,51.55,-50.95
6.93,50.67,-51.17
7.47,50.48,-50.11
10.68,49.00,-50.21
15.00,46.15,-49.98
18.32,43.69,-49.18
21.25,41.64,-47.71
23.93,37.59,-46.62
26.75,31.40,-46.91
27.87,25.57,-48.40
28.42,18.64,-48.21
27.69,14.07,-48.14
27.40,9.57,-47.12
25.90,6.27,-46.12
24.74,3.80,-43.37
23.96,3.14,-44.31
24.78,4.30,-43.55
24.85,4.22,-44.79
24.87,4.70,-43.47
25.17,5.22,-43.33
24.68,5.33,-42.44
24.61,5.44,-42.05
24.45,4.88,-39.89
22.83,4.46,-38.53
22.03,4.05,-36.88
21.52,4.42,-33.35
19.78,5.82,-29.20
18.16,6.79,-26.89
15.84,6.95,-24.51
13.88,6.43,-23.34
10.12,4.86,-21.68
6.96,3.87,-20.48
3.96,2.56,-17.92
0.07,1.46,-18.43
-3.33,-0.52,-18.03
-4.96,-2.10,-18.09
-4.30,-1.37,-17.58
-1.25,0.15,-17.44
1.68,2.11,-16.99
5.93,3.14,-17.82
10.55,5.04,-19.32
16.55,6.32,-22.68
20.87,7.91,-27.25
25.82,8.89,-33.90
28.04,10.94,-39.11
29.04,12.74,-44.01
29.33,13.72,-50.50
27.83,13.27,-53.69
27.11,13.07,-56.63
24.72,12.05,-60.58
21.31,12.74,-65.33
15.65,12.60,-70.28
9.84,12.40,-73.01
4.81,12.23,-74.39
2.80,11.94,-75.31
2.64,11.90,-77.45
0.38,12.48,-76.15
-2.22,13.35,-78.34
-4.41,13.42,-77.44
-5.58,13.29,-77.19
-4.90,12.78,-77.77
-4.16,11.82,-77.48
-3.06,11.90,-78.77
-0.78,10.79,-76.51
1.50,10.06,-75.05
4.47,9.69,-75.24
6.43,9.31,-72.78
9.74,7.57,-72.14
13.48,7.46,-68.76
18.09,7.71,-65.05
22.34,8.58,-61.77
23.71,8.26,-56.70
25.67,9.17,-54.76
26.38,8.73,-50.46
26.25,9.45,-48.49
25.90,9.30,-45.70
26.29,8.91,-47.11
25.73,8.84,-45.15
24.33,6.62,-45.19
24.29,5.71,-44.19
22.72,3.82,-43.93
22.03,2.34,-43.81
19.37,-1.56,-43.87
16.60,-3.55,-44.57
14.98,-5.00,-44.86
11.67,-7.06,-45.46
8.06,-8.01,-46.53
4.79,-7.02,-52.11
-0.42,-1.23,-68.24
-6.10,4.48,-147.67
90.78,-245.43,-327.64
263.28,-400.00,399.99
38.13,-54.08,399.99
-104.10,399.99,56.68
-37.44,42.21,-74.88
-24.50,3.55,-53.83
-23.71,-1.76,-47.77
-23.67,-2.71,-45.87
-24.94,-1.56,-43.76
-28.56,-3.12,-35.06
-20.12,-15.22,-36.46
-11.29,-15.48,-44.03
-5.07,-14.20,-44.15
2.23,-11.88,-45.06
5.05,-11.11,-44.82
11.13,-8.94,-44.95
15.10,-6.36,-43.01
21.59,-0.82,-44.48
27.32,6.97,-44.85
29.35,13.73,-45.45
30.32,21.66,-43.96
29.19,29.22,-46.34
27.14,33.36,-45.52
24.07,38.87,-45.24
22.07,41.93,-46.08
18.42,45.39,-46.14
14.50,48.06,-49.27
12.32,49.46,-49.26
9.90,51.04,-51.16
8.34,51.86,-50.10
9.22,52.34,-52.08
11.05,51.20,-50.60
15.08,48.50,-49.54
19.65,44.32,-49.45
22.69,41.16,-47.11
26.64,34.46,-47.42
28.53,27.26,-48.85
28.99,18.82,-48.01
27.62,12.17,-49.41
26.46,7.85,-48.63
24.73,4.70,-46.69
24.71,3.97,-46.03
25.45,4.31,-44.18
25.81,4.42,-42.55
25.82,5.00,-40.19
25.20,4.76,-38.81
25.98,4.27,-36.07
30.85,3.06,-36.78
50.16,7.25,-53.27
141.69,32.21,-166.21
399.99,105.80,-178.00
-400.00,3.76,399.99
-400.00,331.36,399.99
-400.00,-24.56,-37.59
-300.42,25.38,-41.15
-102.21,18.63,-85.16
-87.30,13.39,-65.33
-60.96,12.16,-44.36
-35.39,12.07,-18.42
-16.99,5.47,-13.59
-3.28,-0.13,-11.90
8.57,-0.60,-17.04
13.23,4.05,-22.63
16.92,6.60,-25.06
19.89,8.20,-27.87
23.73,9.70,-32.01
26.73,9.80,-37.19
29.75,11.25,-42.24
30.11,10.01,-49.41
30.03,8.02,-55.91
30.08,6.84,-59.11
30.58,2.12,-60.79
31.63,0.04,-63.18
32.09,-1.66,-66.16
35.51,-0.99,-73.77
49.71,-2.55,-74.76
76.46,-8.45,-72.88
117.57,6.59,-134.73
399.99,-26.39,-312.51
399.99,-400.00,399.99
251.39,159.20,399.99
-195.29,32.19,153.28
-51.90,-5.11,-20.47
-17.86,-15.58,-34.40
1.89,-20.40,-48.95
11.74,-13.18,-66.27
13.79,-4.55,-70.26
16.35,-0.16,-69.43
17.52,1.34,-66.00
20.81,2.38,-62.44
21.64,1.68,-58.91
23.19,4.03,-56.45
23.89,3.94,-53.43
23.99,3.49,-51.35
22.47,2.10,-47.92
21.15,0.52,-47.47
20.67,-0.18,-46.07
20.12,-0.72,-45.45
19.71,-1.73,-45.62
19.93,-1.28,-45.81
20.61,-1.29,-46.14
21.86,1.71,-44.73
24.95,4.24,-45.70
26.07,7.06,-45.98
27.43,10.73,-46.52
28.98,15.45,-46.52
28.99,20.35,-47.16
28.58,25.77,-46.25
27.27,30.75,-46.78
24.48,36.72,-47.61
21.62,41.49,-49.54
18.24,45.67,-50.28
15.60,46.77,-49.41
12.10,49.34,-49.35
10.74,50.29,-50.32
9.28,50.96,-51.81
7.53,51.39,-51.49
9.50,51.32,-52.04
10.77,50.35,-51.67
16.42,46.55,-49.46
19.81,43.55,-49.66
23.29,38.64,-49.19
25.92,34.17,-47.94
28.08,28.42,-47.69
29.11,21.75,-49.60
28.54,14.65,-49.28
26.57,7.92,-50.61
23.18,1.90,-50.44
18.90,-3.16,-50.07
13.72,-7.46,-49.67
9.24,-10.10,-49.74
2.03,-11.19,-49.01
-3.52,-11.05,-50.04
-9.16,-11.38,-48.68
-13.48,-10.58,-48.52
-15.99,-9.86,-46.66
-18.84,-8.61,-47.73
-19.79,-8.61,-48.29
-18.84,-8.44,-48.28
-16.78,-9.12,-48.19
-14.87,-9.99,-47.81
-11.50,-10.45,-48.57
-5.99,-11.73,-47.95
-1.26,-11.77,-46.56
5.99,-10.44,-45.92
10.63,-9.47,-46.77
15.69,-6.52,-45.75
18.73,-4.47,-47.29
21.86,-1.21,-48.02
23.80,2.28,-48.21
25.57,4.69,-48.01
26.66,6.99,-46.78
26.12,7.10,-45.28
26.20,6.97,-44.27
25.09,6.07,-43.49
24.51,5.82,-40.89
23.19,5.90,-38.35
21.83,5.79,-36.52
18.63,5.24,-32.92
16.72,4.83,-30.86
13.66,3.49,-29.17
11.55,3.88,-25.72
10.23,3.03,-27.55
9.06,3.48,-26.26
6.26,1.68,-25.45
2.87,-0.51,-26.64
-0.28,-3.82,-26.86
-2.16,-3.71,-24.23
-3.11,-3.21,-22.46
-3.58,-3.23,-22.81
-3.77,-3.38,-23.38
-1.59,-2.40,-21.87
1.10,-1.09,-22.38
5.62,0.43,-25.34
8.51,1.50,-25.22
12.76,2.55,-26.25
16.32,3.91,-28.20
19.52,5.26,-31.30
23.82,7.08,-35.94
26.89,10.14,-42.65
28.14,12.23,-49.38
27.10,12.98,-56.02
25.88,14.78,-59.97
24.78,13.76,-62.33
22.18,13.02,-66.54
19.32,12.50,-69.70
16.41,12.28,-72.23
12.57,12.10,-74.01
11.33,10.27,-74.69
10.53,9.42,-74.39
9.12,8.73,-75.62
7.89,10.05,-77.33
7.32,10.62,-77.28
7.81,11.57,-77.28
8.04,10.80,-78.14
10.25,11.76,-76.33
15.45,11.52,-74.52
18.86,10.36,-71.81
21.01,10.13,-68.29
23.51,10.14,-65.20
26.06,8.11,-60.68
28.64,12.08,-56.70
30.29,14.53,-56.20
32.73,17.15,-56.04
36.05,22.28,-51.84
41.33,29.69,-51.97
49.83,43.13,-48.89
48.65,64.51,-57.70
44.71,91.37,-77.53
39.55,108.97,-147.34
33.42,56.43,-319.84
33.14,-22.84,-394.68
41.80,16.89,-400.00
17.86,134.68,-400.00
-100.57,399.99,-400.00
-397.38,399.99,288.17
-7.36,165.95,399.99
141.71,-144.58,399.99
-136.02,278.38,279.93
-217.07,300.61,399.99
9.33,23.88,399.99
55.21,-226.05,399.99
55.98,-185.93,182.52
71.92,-101.20,48.16
51.87,-33.17,-33.69
31.91,-7.95,-51.34
23.80,-3.06,-51.31
19.49,-4.86,-50.74
15.14,-6.54,-50.70
10.44,-9.16,-49.96
4.28,-10.88,-50.52
-1.79,-11.12,-50.70
-6.93,-11.34,-48.74
-11.21,-10.84,-47.85
-15.11,-9.90,-48.41
-17.70,-9.19,-47.72
-20.20,-7.35,-47.88
-22.33,-6.12,-48.06
-22.91,-5.66,-48.17
-24.45,-5.18,-46.40
-22.91,-5.91,-47.31
-20.87,-6.88,-46.20
-17.11,-8.31,-46.56
-13.13,-10.19,-46.58
-9.16,-10.88,-45.46
-2.92,-11.24,-45.81
2.36,-10.95,-46.63
8.86,-9.97,-46.09
13.93,-7.60,-45.89
17.99,-4.64,-44.45
22.53,-0.27,-43.44
24.69,4.06,-43.58
26.81,8.17,-45.06
27.21,9.61,-43.71
27.76,12.39,-45.04
29.75,17.63,-45.86
29.37,19.25,-46.35
29.16,16.13,-44.45
28.03,13.54,-43.23
27.28,12.98,-42.08
26.97,12.62,-40.00
25.04,11.08,-36.16
23.33,9.77,-32.39
21.25,9.40,-28.28
17.48,8.46,-27.60
14.18,7.06,-24.66
10.35,7.68,-21.19
6.08,5.44,-20.58
3.47,3.41,-20.94
0.63,2.31,-19.63
0.34,1.49,-20.31
-0.07,1.79,-18.75
1.93,3.38,-20.46
4.32,5.88,-19.87
7.47,7.81,-19.65
11.73,11.10,-21.85
15.20,12.49,-22.57
18.66,11.69,-25.81
22.08,12.74,-29.33
25.02,13.53,-31.85
27.36,14.38,-38.32
29.16,13.98,-42.19
29.47,12.88,-48.02
29.54,13.55,-52.89
28.71,13.81,-56.43
25.66,13.73,-63.46
19.58,14.75,-69.69
12.81,15.00,-75.67
8.23,15.83,-76.38
6.07,15.88,-78.38
2.26,16.27,-78.82
-1.62,15.15,-78.80
-4.16,13.98,-79.19
-4.39,14.31,-79.39
-3.26,13.17,-78.92
-1.56,13.39,-78.27
-0.01,12.08,-77.50
1.20,9.69,-77.05
3.44,8.42,-75.99
6.52,6.41,-74.62
9.50,5.30,-72.63
12.07,3.63,-70.29
16.02,2.93,-66.36
18.05,2.20,-62.82
19.98,2.00,-60.61
21.39,1.71,-57.37
22.90,2.54,-54.19
23.56,2.27,-47.66
24.33,2.71,-45.02
23.39,2.22,-42.80
23.82,2.78,-42.13
24.41,2.84,-41.41
23.25,1.78,-42.31
23.28,2.10,-41.46
24.16,3.10,-42.29
26.04,5.36,-42.08
27.49,7.39,-42.76
29.11,12.18,-43.40
30.69,17.74,-42.49
30.19,22.17,-42.03
29.22,27.78,-40.48
27.39,33.39,-43.03
26.12,37.99,-44.03
23.25,42.27,-44.73
20.12,45.98,-46.01
16.42,48.43,-46.56
13.17,50.45,-49.58
9.97,52.43,-51.54
9.41,52.50,-51.40
7.57,53.23,-52.32
8.35,52.99,-50.92
9.24,52.37,-51.26
11.63,50.76,-51.88
16.38,47.61,-52.77
19.79,43.99,-51.66
22.79,41.46,-51.14
25.12,38.44,-49.52
28.17,31.88,-48.06
29.96,26.44,-48.33
30.02,20.57,-46.57
29.38,14.12,-47.11
28.21,8.29,-48.01
24.76,1.93,-51.15
18.27,-4.53,-50.57
11.58,-8.34,-51.16
2.77,-10.50,-50.48
-3.78,-10.89,-48.29
-9.18,-10.39,-46.40
-13.46,-9.52,-46.50
-17.24,-8.35,-45.56
-19.42,-7.46,-45.06
-22.29,-5.79,-45.30
-23.50,-5.08,-44.63
-24.04,-4.64,-44.97
-22.69,-5.85,-45.41
-21.12,-6.68,-43.57
-19.53,-7.29,-44.81
-14.84,-8.86,-44.45
-10.88,-10.29,-44.62
-8.33,-10.30,-43.88
-3.66,-10.88,-43.65
1.42,-11.18,-43.70
6.54,-9.81,-44.27
10.96,-7.58,-45.04
15.43,-5.53,-45.14
20.06,-2.27,-45.87
22.57,1.72,-45.98
25.17,5.03,-45.46
26.15,7.31,-44.04
26.70,8.86,-46.06
26.48,9.23,-45.85
27.28,10.06,-45.30
27.06,11.51,-45.78
27.54,12.83,-45.32
27.21,11.87,-43.93
27.37,11.77,-42.64
26.86,12.67,-39.81
26.07,11.67,-38.00
24.45,10.14,-34.88
21.56,8.69,-33.34
19.65,7.47,-31.56
16.85,6.30,-30.24
14.82,4.50,-28.41
12.92,3.67,-28.19
11.41,2.92,-27.01
10.38,1.28,-27.97
9.28,-0.49,-27.36
9.20,-1.75,-28.22
8.08,-3.94,-30.76
8.46,-4.39,-31.69
7.89,-5.75,-32.04
6.19,-4.21,-28.30
6.46,-2.10,-28.44
7.39,0.66,-25.35
9.12,4.99,-23.14
12.17,8.61,-22.99
16.03,11.91,-25.45
20.15,14.36,-27.40
23.58,16.20,-30.46
26.70,16.35,-35.06
28.74,15.73,-38.59
29.46,15.14,-42.40
30.05,14.04,-46.66
29.43,13.94,-50.23
28.33,11.77,-53.75
26.04,11.49,-59.84
22.13,12.70,-67.25
16.19,12.16,-73.19
8.34,11.51,-77.09
3.22,11.17,-77.25
1.38,10.21,-77.59
0.35,8.62,-77.22
-1.79,8.81,-78.54
-3.25,9.08,-78.65
-3.31,11.07,-78.05
-2.03,10.56,-77.92
0.07,9.58,-77.67
1.99,8.87,-76.60
3.86,6.91,-76.20
7.71,5.87,-73.13
11.04,4.82,-71.95
16.10,3.41,-68.52
19.51,2.88,-61.71
22.91,3.41,-58.26
24.06,4.24,-55.96
24.89,5.08,-53.33
25.73,6.41,-51.01
25.81,7.40,-49.33
25.70,7.57,-49.46
24.48,5.00,-47.84
22.77,2.71,-48.50
21.04,0.85,-47.28
19.12,-1.49,-47.96
17.63,-4.43,-48.34
14.83,-6.19,-49.44
12.77,-8.62,-51.67
11.34,-11.98,-57.98
15.89,-21.42,-79.09
54.08,-91.52,-157.84
288.73,-400.00,-199.55
178.99,52.33,399.99
105.74,334.28,399.99
-168.14,399.99,-249.93
-55.29,70.85,-141.67
-32.87,20.75,-78.20
-27.60,10.17,-56.05
-27.11,6.65,-47.84
-30.08,8.17,-42.03
-35.82,5.64,-29.63
-31.03,-17.31,-26.32
-15.19,-17.93,-42.98
-5.94,-13.09,-46.84
-1.68,-11.60,-46.03
3.63,-10.23,-46.29
11.35,-7.91,-45.30
15.87,-4.94,-46.97
22.35,0.13,-46.67
25.32,4.36,-48.17
27.25,8.87,-48.55
29.65,15.43,-49.16
29.99,17.91,-47.85
29.93,22.68,-46.25
29.14,28.28,-45.47
28.19,31.27,-45.92
25.32,38.16,-48.22
22.01,42.80,-51.29
19.38,45.61,-51.37
16.11,48.49,-51.84
13.15,51.07,-52.06
10.39,53.02,-52.54
9.42,52.39,-54.22
10.10,53.04,-52.28
13.34,50.96,-51.86
17.75,47.99,-51.93
22.29,43.73,-50.66
25.21,39.83,-51.50
27.83,35.39,-52.43
29.05,30.77,-51.75
30.07,25.59,-51.54
30.24,20.30,-50.65
30.33,16.37,-49.78
29.77,13.88,-49.45
29.32,11.44,-48.16
28.87,9.91,-48.03
27.59,8.44,-46.61
27.99,8.80,-47.50
27.58,7.48,-46.06
26.87,6.75,-44.36
25.88,5.74,-44.80
24.62,5.25,-44.14
22.92,3.53,-43.49
22.40,3.59,-43.08
21.36,3.61,-41.76
20.41,2.58,-39.89
19.54,2.93,-40.43
19.46,2.86,-37.39
18.49,3.17,-36.54
17.66,3.00,-32.36
15.17,3.72,-28.86
12.12,2.25,-26.93
10.23,2.73,-25.34
7.39,2.22,-24.04
4.14,1.79,-23.46
0.98,-1.28,-23.78
-3.17,-2.09,-25.07
-5.66,-3.82,-25.83
-7.87,-3.64,-25.52
-8.01,-4.44,-23.94
-10.60,-5.90,-23.36
-10.80,-5.83,-23.78
-9.30,-4.28,-24.05
-5.68,-1.68,-21.40
-0.23,1.44,-21.39
4.69,1.81,-22.27
10.25,4.06,-24.55
14.01,5.77,-27.31
17.85,7.04,-27.84
22.19,8.97,-31.49
25.33,10.86,-33.73
28.48,11.99,-41.06
30.20,13.90,-45.78
29.71,15.97,-49.84
30.07,17.47,-55.00
28.71,16.81,-58.57
26.87,17.22,-62.35
24.44,16.43,-65.52
21.42,15.98,-69.10
19.27,15.98,-71.67
17.07,16.00,-74.74
12.26,16.55,-75.84
9.09,16.87,-78.05
8.02,17.64,-78.94
5.58,18.64,-80.13
3.09,18.80,-79.76
2.66,19.37,-80.36
1.72,17.54,-80.36
1.18,18.32,-80.43
1.01,17.63,-79.17
2.97,16.15,-78.41
5.66,13.71,-77.97
8.26,12.40,-76.65
11.85,11.04,-73.78
14.90,8.74,-71.34
17.44,7.24,-67.64
19.70,6.57,-65.23
20.23,5.53,-62.52
22.07,3.97,-59.01
22.97,4.20,-55.57
23.13,2.22,-51.33
22.69,1.56,-49.88
22.12,1.56,-49.15
22.77,1.54,-46.79
23.56,3.21,-46.24
25.21,5.15,-45.40
26.66,7.57,-45.30
28.45,12.18,-47.74
29.80,18.40,-48.38
30.11,23.05,-50.29
29.39,27.27,-49.49
28.39,33.17,-50.01
25.67,38.51,-49.38
23.08,41.61,-46.97
18.68,45.12,-47.44
16.05,47.18,-47.16
12.40,49.41,-47.67
10.25,50.26,-49.00
9.33,51.17,-47.63
9.81,50.63,-48.72
11.83,49.51,-49.60
14.99,47.57,-50.15
18.91,43.46,-49.84
22.17,40.01,-53.23
25.40,35.39,-50.42
27.48,30.37,-50.18
28.53,24.89,-48.27
29.37,18.79,-47.99
27.66,13.51,-47.94
26.00,7.62,-47.22
22.89,3.52,-45.56
19.81,-1.17,-42.69
15.48,-4.02,-44.08
11.51,-6.70,-45.43
9.59,-8.29,-45.43
5.24,-8.79,-45.53
1.40,-9.96,-46.81
-3.25,-9.46,-46.33
-9.36,-9.05,-45.91
-13.46,-8.42,-44.12
-14.40,-8.09,-44.23
-16.27,-7.13,-44.75
-18.08,-6.60,-44.71
-17.87,-6.88,-44.34
-15.77,-7.82,-45.48
-13.17,-8.89,-44.62
-8.48,-9.58,-46.07
-5.70,-10.21,-45.89
-3.15,-10.06,-45.35
-0.95,-10.67,-44.48
2.42,-10.18,-45.18
5.46,-9.29,-45.31
11.79,-7.24,-45.70
17.21,-4.39,-45.51
20.53,-1.21,-45.43
22.33,1.40,-45.09
23.78,4.00,-45.04
24.01,5.85,-47.30
26.20,8.37,-47.33
26.64,9.23,-46.59
25.50,8.26,-46.56
25.48,7.04,-45.62
25.85,7.34,-44.76
26.11,7.64,-46.83
26.27,9.68,-44.02
27.50,11.04,-42.80
27.06,10.68,-41.82
26.38,10.42,-39.94
26.10,10.57,-38.51
25.10,10.77,-35.85
24.12,10.71,-32.08
21.68,9.05,-31.25
19.70,8.13,-29.48
18.79,8.94,-27.32
17.16,9.42,-27.17
15.71,8.24,-26.59
13.71,6.45,-24.56
11.15,4.35,-24.19
11.12,3.02,-25.34
9.75,-0.32,-25.44
9.19,-2.10,-26.01
8.00,-3.65,-25.45
9.05,-2.93,-23.19
10.55,0.32,-25.20
13.64,5.66,-22.90
16.66,10.85,-23.14
20.73,15.15,-25.56
23.47,19.41,-28.17
26.64,21.01,-31.84
28.69,24.15,-36.79
30.53,23.34,-42.08
30.82,23.28,-47.06
30.65,22.14,-52.43
29.08,20.79,-58.98
27.11,18.53,-62.98
22.35,17.52,-68.69
16.75,15.22,-72.20
10.95,13.16,-75.49
6.37,11.93,-76.49
4.37,11.63,-77.05
4.24,11.43,-78.50
2.40,12.62,-78.10
-0.10,13.09,-79.37
-0.48,14.38,-79.24
-1.26,13.66,-79.27
0.73,12.66,-79.30
1.44,13.32,-78.66
4.66,12.08,-78.27
7.69,9.96,-76.53
11.71,8.44,-73.32
14.55,5.81,-70.45
17.05,3.69,-65.93
18.49,2.05,-61.30
19.71,0.77,-58.00
20.23,-0.68,-54.91
19.35,-2.83,-50.85
17.98,-3.31,-47.91
17.85,-4.09,-46.04
18.43,-3.83,-45.43
19.80,-2.77,-47.41
22.50,-0.63,-46.81
23.61,0.93,-45.59
25.70,2.78,-46.25
27.53,6.48,-46.66
29.17,9.40,-45.50
29.88,13.45,-46.17
30.87,19.58,-46.46
30.09,23.82,-47.16
29.60,28.21,-47.50
28.44,32.74,-47.40
26.40,35.91,-46.83
23.82,39.90,-47.25
20.61,43.42,-47.64
17.64,45.64,-48.88
14.56,48.16,-50.31
12.90,49.24,-51.51
10.33,50.73,-52.44
9.28,50.49,-52.21
10.39,50.22,-51.82
12.89,49.16,-50.82
17.88,45.67,-52.04
22.18,41.63,-51.87
25.50,38.72,-51.21
28.56,32.95,-50.55
30.70,25.93,-49.95
32.04,19.73,-50.32
31.91,13.55,-50.04
30.94,7.17,-51.89
31.25,0.24,-52.14
32.28,-8.31,-56.51
43.41,-24.19,-73.95
103.20,-66.36,-136.24
399.99,-364.40,-49.37
125.23,246.84,399.99
399.99,-341.31,399.99
-296.57,257.19,-265.82
-92.44,70.89,-96.11
-46.62,24.23,-54.90
-37.19,13.71,-42.33
-34.28,4.77,-38.22
-33.80,-3.91,-37.05
-28.65,-8.70,-42.69
-25.51,-7.25,-47.99
-24.55,-6.35,-47.97
-23.86,-5.24,-48.56
-23.00,-5.31,-48.25
-23.38,-4.54,-48.65
-21.28,-5.59,-48.02
-21.22,-5.57,-49.16
-19.57,-6.87,-48.69
-17.19,-7.24,-47.81
-15.63,-7.90,-47.78
-11.72,-8.90,-47.92
-7.95,-9.48,-48.49
-1.99,-9.95,-48.21
3.09,-9.18,-49.02
10.33,-7.85,-48.54
15.83,-4.75,-48.85
19.84,-2.29,-48.99
21.85,1.27,-50.23
23.91,4.65,-52.64
25.68,7.09,-50.34
26.21,8.04,-49.56
25.96,8.89,-48.27
27.09,11.19,-47.03
27.56,12.06,-45.80
27.03,12.01,-46.22
26.53,11.35,-44.67
26.32,11.72,-42.87
26.14,12.85,-39.86
25.61,15.12,-38.04
24.37,17.21,-32.95
21.51,15.42,-31.64
18.27,15.04,-27.10
15.49,13.94,-25.95
12.83,12.32,-25.07
10.79,11.47,-25.60
9.02,9.62,-24.68
5.97,7.45,-23.43
3.53,5.29,-24.21
1.22,4.74,-24.29
2.08,4.35,-23.86
2.17,6.10,-24.65
4.57,6.93,-23.27
6.99,9.96,-22.44
10.95,11.65,-24.10
14.49,13.76,-25.99
18.10,14.79,-28.22
20.06,16.08,-28.81
23.43,15.73,-32.87
26.43,16.06,-36.36
28.89,17.32,-40.25
29.98,17.94,-46.23
30.31,17.64,-52.47
29.04,16.06,-58.13
27.66,15.41,-63.24
25.84,15.28,-66.38
22.66,13.89,-70.53
18.10,12.90,-73.13
13.68,12.52,-77.05
8.41,11.62,-79.09
6.69,13.10,-80.44
4.48,12.68,-80.82
3.56,12.15,-81.05
3.04,12.56,-82.46
3.19,11.60,-82.06
3.28,11.82,-80.33
4.06,11.66,-80.41
4.81,10.44,-79.31
5.87,9.58,-78.36
9.17,7.81,-77.39
13.04,6.42,-73.10
16.98,5.59,-70.13
18.16,5.02,-68.33
19.47,3.03,-64.03
20.30,2.27,-60.89
20.90,1.26,-58.41
21.73,1.45,-53.85
21.50,0.88,-52.58
20.80,0.50,-51.89
21.17,1.42,-49.73
21.74,1.51,-48.60
22.66,2.80,-46.52
23.95,4.92,-45.62
24.56,5.19,-45.04
24.40,5.88,-43.71
24.87,6.92,-44.64
25.85,7.80,-46.19
26.71,10.12,-44.91
28.76,13.94,-47.09
29.15,18.30,-48.39
29.98,23.00,-48.50
29.13,28.25,-49.77
28.08,32.52,-51.20
26.20,37.13,-50.85
24.49,39.62,-52.31
22.84,42.15,-51.17
20.67,44.67,-51.14
18.40,46.45,-49.71
15.98,48.94,-50.05
13.98,50.42,-50.60
11.89,51.39,-50.85
11.78,51.65,-51.26
12.61,50.85,-52.05
14.60,49.98,-53.13
17.83,46.64,-51.87
21.46,43.31,-51.07
24.83,39.48,-51.51
27.67,33.36,-51.39
29.08,27.59,-50.73
30.29,21.34,-50.35
29.70,16.28,-49.56
28.08,9.95,-49.13
25.66,4.81,-49.39
22.58,-0.43,-50.12
19.12,-3.41,-49.91
16.82,-4.53,-49.62
14.34,-5.71,-51.71
11.16,-7.57,-50.00
5.60,-9.47,-49.27
0.40,-10.00,-48.72
-1.78,-10.50,-50.61
-4.52,-10.22,-49.61
-7.65,-9.58,-49.00
-9.81,-10.02,-50.62
-11.22,-8.92,-49.43
-12.28,-9.11,-50.95
-11.83,-8.63,-51.11
-10.11,-9.24,-49.02
-4.48,-10.05,-49.16
4.11,-9.25,-50.20
9.94,-8.20,-49.95
15.34,-5.51,-49.69
18.88,-2.59,-51.98
22.25,0.33,-51.48
24.02,3.05,-50.84
26.14,6.02,-51.27
27.78,9.38,-52.20
29.41,13.65,-53.98
29.88,17.46,-53.87
30.05,18.64,-53.69
29.25,17.20,-52.78
28.76,15.39,-50.37
29.96,15.39,-51.00
28.69,15.73,-49.16
28.98,15.86,-45.29
28.15,14.44,-43.98
27.33,12.81,-42.70
26.09,11.73,-40.25
23.78,10.25,-36.67
21.57,9.31,-34.64
19.29,7.42,-32.32
15.88,6.05,-30.41
12.68,4.70,-27.45
8.72,2.81,-27.87
5.40,1.95,-25.56
1.77,1.27,-25.23
-0.20,1.62,-24.85
-2.53,0.56,-24.43
-4.00,0.46,-23.40
-3.96,1.31,-23.83
-2.05,2.81,-23.52
-0.96,2.61,-22.72
3.45,5.00,-22.50
7.41,6.41,-23.85
10.51,8.26,-24.40
13.54,8.78,-26.84
16.80,9.85,-27.45
21.04,11.27,-31.35
23.73,12.85,-34.22
26.44,13.32,-37.83
28.42,12.35,-40.73
28.97,11.36,-46.68
28.63,10.28,-54.64
26.87,10.58,-59.66
25.67,9.88,-62.46
24.58,10.10,-65.12
22.13,9.96,-69.69
16.60,9.75,-74.41
9.01,9.99,-77.80
1.49,10.64,-79.93
-1.05,11.11,-81.01
-0.83,11.35,-81.35
-0.55,11.71,-81.18
-1.54,12.17,-81.14
1.73,11.77,-81.08
4.85,10.71,-80.88
8.51,10.17,-79.11
13.42,6.93,-74.37
16.86,4.82,-71.11
17.82,2.39,-66.27
20.12,0.66,-60.34
19.04,-0.73,-56.26
18.66,-2.20,-51.99
18.43,-2.82,-51.20
18.47,-2.88,-49.48
19.14,-1.67,-50.31
21.42,-0.38,-50.13
22.61,0.78,-50.70
26.04,4.75,-51.07
27.38,7.43,-51.53
28.83,11.93,-50.50
30.54,17.29,-50.92
30.70,21.66,-49.89
30.29,26.75,-50.55
29.68,31.82,-50.71
27.25,36.72,-50.79
25.13,41.04,-49.93
20.91,45.86,-50.18
16.31,50.52,-50.21
12.88,52.77,-52.67
9.89,54.70,-53.66
11.10,54.16,-54.58
10.88,54.41,-54.91
14.21,52.29,-52.88
18.08,48.30,-53.19
21.11,45.48,-53.52
24.28,41.13,-53.16
26.49,36.02,-55.10
28.88,30.64,-54.70
30.47,23.57,-52.58
29.75,16.06,-52.66
28.00,9.05,-53.11
24.57,3.27,-52.91
21.31,-0.74,-52.39
17.37,-4.59,-50.67
14.20,-7.15,-51.98
8.50,-9.51,-51.51
5.40,-10.97,-52.20
1.59,-11.08,-51.60
-2.47,-11.44,-51.20
-6.75,-11.28,-50.44
-10.77,-10.42,-50.23
-14.40,-9.51,-49.55
-16.35,-8.47,-50.96
-17.82,-7.89,-49.90
-16.63,-8.89,-50.35
-15.16,-8.76,-50.18
-12.94,-9.59,-49.61
-7.37,-9.85,-49.61
-4.36,-10.05,-49.22
0.46,-10.45,-49.22
4.28,-9.91,-48.82
8.14,-8.20,-50.35
12.79,-5.85,-49.50
15.92,-4.27,-50.29
19.63,-1.12,-51.17
23.18,2.32,-50.49
24.69,5.55,-51.44
26.73,9.08,-50.79
27.98,12.00,-51.28
28.12,12.67,-50.22
28.70,13.37,-50.12
28.60,12.95,-50.68
28.33,12.45,-50.18
27.98,11.73,-48.89
27.59,11.47,-47.64
27.69,11.40,-47.40
26.86,10.86,-43.35
26.32,10.51,-43.02
24.72,10.85,-39.39
22.86,10.80,-35.63
21.42,10.67,-33.64
19.41,10.33,-31.67
16.22,9.38,-30.75
13.62,9.08,-28.12
9.55,6.54,-26.23
8.52,5.71,-25.48
6.57,4.38,-26.45
4.15,1.76,-27.71
1.82,-0.70,-26.86
-0.60,-2.21,-27.01
-1.20,-1.89,-25.49
-0.11,-0.39,-25.68
1.11,2.09,-25.81
2.92,4.77,-23.72
6.53,9.24,-23.32
10.33,12.67,-24.60
14.90,16.04,-25.74
19.23,18.12,-28.67
23.01,19.38,-32.41
25.90,20.73,-35.67
28.09,20.00,-39.89
30.15,19.54,-45.51
30.75,18.25,-50.33
28.89,17.05,-58.74
27.11,16.06,-63.37
25.44,16.44,-66.91
21.29,15.66,-70.95
17.68,15.36,-74.58
12.30,15.67,-77.91
8.74,17.07,-80.80
5.43,17.83,-80.42
4.98,18.44,-81.60
3.65,18.40,-83.26
2.40,17.75,-82.39
3.39,16.74,-81.32
5.11,14.40,-79.83
5.83,14.18,-81.14
9.24,13.07,-78.66
12.21,12.28,-76.61
14.98,12.16,-74.35
17.83,11.58,-72.61
20.25,11.67,-68.37
21.95,11.80,-67.00
23.29,10.85,-64.07
24.43,9.75,-60.25
24.33,7.31,-56.21
22.68,4.16,-52.66
19.73,-0.17,-49.79
18.05,-1.07,-48.82
17.53,-2.54,-48.43
16.80,-2.70,-47.72
18.69,-1.28,-47.79
21.74,1.76,-49.29
24.76,6.05,-49.24
27.25,10.41,-50.48
28.38,15.55,-51.60
29.08,22.16,-51.34
28.81,27.73,-51.48
27.66,31.79,-50.94
25.16,37.33,-50.31
21.67,42.71,-50.28
16.97,47.68,-51.94
13.53,49.72,-51.99
10.29,51.17,-51.84
10.34,51.32,-51.97
10.79,50.63,-51.16
13.60,49.27,-51.67
17.44,46.07,-51.78
21.59,42.00,-51.10
24.18,37.50,-51.78
27.39,33.00,-51.50
30.18,27.40,-52.21
31.82,20.23,-53.05
31.88,13.64,-52.69
31.09,7.98,-55.73
32.23,4.76,-63.01
28.27,0.13,-83.75
10.73,-6.64,-143.04
-21.56,-21.81,-390.99
13.62,-211.93,-400.00
-370.53,399.99,-400.00
399.99,-400.00,399.99
356.62,31.27,399.99
228.23,29.91,399.99
-82.10,362.45,397.41
-191.27,153.03,27.91
-79.27,16.19,-47.42
-49.50,-2.91,-43.63
-36.36,-10.77,-40.92
-25.82,-12.33,-44.60
-20.43,-10.36,-45.72
-18.32,-8.94,-47.31
-15.15,-8.74,-46.17
-13.61,-8.62,-45.95
-8.89,-9.77,-46.57
-4.91,-10.71,-47.06
-0.49,-10.83,-48.00
4.66,-10.44,-47.51
8.11,-9.29,-49.07
13.29,-7.37,-50.20
17.35,-4.31,-49.76
19.02,-2.14,-50.21
22.80,1.11,-49.49
24.45,4.30,-50.59
26.98,7.41,-49.74
27.97,9.40,-50.13
27.61,9.83,-48.55
27.10,9.67,-46.98
27.84,9.81,-47.36
27.00,9.09,-46.29
27.51,9.39,-45.01
27.32,9.53,-43.24
26.43,10.55,-41.13
24.83,11.24,-36.55
24.13,11.82,-32.26
21.23,11.21,-30.15
18.26,11.16,-27.21
13.23,11.46,-23.35
9.09,10.47,-21.77
6.10,8.04,-22.94
3.65,5.25,-24.37
1.17,2.76,-25.77
1.29,-0.48,-27.26
0.63,-1.32,-26.70
0.56,-1.86,-26.75
0.99,0.71,-25.10
2.34,2.97,-24.30
5.82,5.63,-22.73
9.34,9.05,-23.07
14.16,12.48,-23.65
17.72,14.71,-23.77
21.26,15.44,-28.55
24.67,16.49,-31.09
27.29,16.37,-35.21
29.46,15.33,-39.94
30.37,14.33,-46.58
29.74,14.93,-54.87
25.10,13.50,-64.43
19.98,12.57,-69.45
17.93,11.74,-71.40
14.83,12.52,-73.05
9.77,11.40,-75.56
3.27,10.89,-76.97
-0.54,10.73,-77.08
-0.09,11.76,-77.89
0.56,12.33,-78.26
-0.26,11.18,-78.11
2.14,11.29,-77.69
4.43,10.28,-77.04
7.01,10.46,-75.77
11.36,9.36,-73.18
13.11,7.69,-71.81
14.71,6.09,-68.92
16.39,4.26,-65.22
18.98,3.39,-63.79
20.09,2.08,-60.69
20.09,1.10,-56.05
20.78,-0.28,-50.87
19.96,-0.79,-49.41
18.43,-2.81,-48.41
16.93,-4.10,-46.66
15.20,-4.77,-46.42
16.05,-4.44,-45.64
18.38,-3.22,-45.90
21.14,-0.57,-47.16
24.05,2.50,-47.06
26.35,5.59,-47.08
28.96,10.89,-48.84
30.63,15.14,-48.32
30.87,20.41,-49.18
30.27,26.54,-49.91
28.89,32.96,-48.97
26.38,37.35,-47.85
23.36,41.52,-47.27
19.54,45.10,-48.00
16.88,47.83,-48.01
13.98,50.24,-48.22
12.17,51.56,-49.60
9.74,52.59,-50.92
10.38,52.12,-49.80
12.16,51.81,-50.17
14.20,50.26,-50.46
18.04,46.95,-51.68
21.89,43.80,-52.01
24.69,39.43,-48.69
27.92,34.14,-48.22
29.46,29.06,-47.13
30.43,24.76,-46.74
30.43,19.17,-46.86
30.11,14.17,-47.51
27.60,8.72,-47.19
25.13,3.39,-46.34
19.73,-1.86,-45.92
14.83,-5.74,-44.96
8.96,-8.37,-46.47
5.66,-8.79,-44.95
2.58,-9.61,-45.59
-1.75,-9.68,-47.27
-6.12,-9.30,-46.28
-10.08,-8.86,-45.17
-14.12,-7.92,-45.43
-16.20,-6.87,-44.29
-18.52,-5.69,-45.29
-19.31,-5.03,-46.26
-15.58,-7.09,-45.47
-12.89,-7.73,-45.67
-5.16,-9.85,-45.76
-0.74,-9.81,-44.52
2.15,-9.27,-45.96
6.68,-8.52,-46.96
11.06,-7.20,-45.95
16.36,-4.38,-46.45
21.11,-1.28,-45.95
24.95,2.84,-48.34
28.09,7.25,-49.60
29.77,10.79,-50.39
30.68,11.99,-50.59
30.13,11.45,-51.32
29.54,10.89,-50.92
28.80,11.10,-49.54
29.54,10.71,-49.18
29.03,9.85,-49.96
29.16,8.23,-47.05
28.99,8.94,-47.66
28.94,9.11,-45.56
27.56,8.63,-42.16
27.49,8.08,-41.46
26.51,8.42,-38.05
24.80,8.70,-34.24
23.11,7.96,-32.23
20.84,7.23,-29.93
17.16,6.68,-26.90
14.32,6.30,-23.39
11.36,6.43,-23.24
9.55,5.91,-23.71
7.67,3.38,-23.29
4.82,2.14,-20.45
1.26,0.62,-20.09
-0.15,-0.31,-20.62
0.89,0.32,-20.29
2.50,3.64,-19.71
5.31,6.04,-21.29
10.86,8.34,-21.39
14.37,10.13,-23.16
18.04,11.79,-25.65
21.86,12.63,-28.69
25.87,13.45,-33.28
28.54,15.73,-38.07
30.86,16.78,-44.82
31.40,16.24,-50.70
30.02,17.33,-57.60
26.78,17.82,-62.79
22.56,16.93,-69.21
18.25,16.28,-72.63
14.56,15.11,-75.51
11.05,14.95,-75.32
7.90,15.77,-78.02
5.75,16.04,-79.33
4.71,16.08,-79.36
4.25,16.98,-78.63
3.77,16.96,-78.48
3.23,17.03,-79.47
3.04,17.57,-80.41
2.80,17.20,-77.99
4.25,16.56,-79.27
5.75,16.44,-77.53
8.72,15.11,-77.89
10.97,13.66,-75.76
13.92,13.26,-73.80
17.11,10.71,-70.81
19.62,9.58,-68.40
22.50,7.45,-65.05
22.95,5.54,-60.06
23.23,3.17,-55.18
23.72,1.86,-52.70
22.07,-0.09,-50.27
19.45,-2.42,-49.62
17.44,-4.54,-47.34
16.44,-5.40,-44.64
15.67,-5.60,-43.02
17.22,-4.92,-43.91
18.74,-4.02,-45.00
20.72,-2.37,-45.96
23.46,0.77,-45.92
26.86,4.17,-46.28
28.76,7.82,-45.63
30.08,12.22,-46.79
30.93,17.88,-46.75
31.57,23.35,-47.23
30.91,30.18,-47.78
27.92,37.07,-48.67
25.15,40.73,-48.97
23.00,43.95,-49.04
19.70,46.98,-48.69
16.77,49.45,-49.58
13.72,51.20,-51.45
12.32,52.22,-51.62
12.51,51.94,-52.11
14.59,50.70,-53.42
16.22,48.88,-52.05
19.86,45.73,-51.67
22.75,43.62,-51.60
25.63,41.02,-49.72
27.82,37.61,-50.37
29.83,32.42,-49.56
31.65,27.17,-48.71
31.73,21.80,-49.35
31.92,16.24,-48.29
29.74,10.68,-47.56
27.47,5.57,-48.32
24.51,0.77,-50.55
20.47,-3.15,-50.87
17.90,-5.90,-51.81
14.22,-7.85,-50.88
10.39,-9.95,-51.20
7.59,-10.36,-49.15
2.73,-11.72,-50.17
-0.18,-11.94,-50.05
-3.36,-11.71,-48.86
-7.10,-10.88,-49.91
-10.16,-10.51,-47.42
-12.76,-9.80,-48.55
-12.79,-9.63,-47.58
-12.60,-9.59,-48.69
-11.25,-10.56,-48.19
-7.57,-11.13,-48.24
-1.77,-11.54,-48.36
4.50,-10.79,-47.19
8.47,-10.12,-45.97
13.39,-7.42,-47.45
15.80,-6.47,-45.26
20.13,-3.89,-45.64
22.85,-1.38,-46.14
25.44,2.21,-47.30
27.73,6.86,-49.07
28.64,10.33,-50.96
29.71,13.75,-53.06
29.72,14.12,-52.60
30.07,13.68,-52.84
29.92,12.99,-50.89
29.58,13.35,-50.67
30.35,12.66,-48.33
29.92,13.40,-45.43
29.05,11.58,-42.25
27.69,9.94,-37.90
24.49,7.47,-35.27
21.92,5.15,-33.51
18.80,3.33,-30.96
15.93,3.28,-28.92
14.01,2.08,-27.77
11.82,1.09,-25.52
9.14,-1.05,-25.60
6.74,-3.55,-24.71
5.32,-5.99,-22.00
2.33,-7.91,-22.00
4.27,-7.71,-20.62
8.39,-3.09,-18.43
10.97,1.27,-20.43
14.51,4.72,-21.69
17.46,7.30,-24.48
21.03,8.85,-28.41
25.66,11.41,-32.18
29.05,14.32,-37.43
31.21,15.78,-42.46
31.16,15.12,-49.10
30.86,16.13,-54.43
29.14,15.03,-58.62
26.03,14.78,-65.10
21.56,15.81,-70.02
17.03,14.76,-73.52
13.12,14.49,-75.84
10.46,15.27,-77.66
7.91,16.16,-78.41
6.32,16.86,-78.98
4.61,17.69,-80.40
3.19,18.54,-81.41
2.43,18.88,-80.74
3.75,17.42,-80.21
5.22,15.65,-79.28
7.54,13.70,-78.15
9.80,11.08,-75.52
11.51,8.15,-73.22
14.95,4.65,-70.29
16.26,2.34,-66.76
16.77,0.60,-63.55
17.97,-2.01,-59.31
17.92,-3.50,-55.31
17.85,-4.61,-50.90
17.88,-3.89,-51.55
19.92,-3.49,-49.44
20.45,-3.25,-48.71
23.02,-1.12,-49.65
24.28,0.12,-47.83
26.33,1.67,-48.34
29.39,3.55,-49.02
34.46,5.82,-50.01
42.53,12.17,-51.32
56.04,22.53,-53.83
68.47,41.50,-65.48
84.50,77.11,-91.06
109.44,136.49,-118.68
122.13,196.13,-197.50
180.18,395.97,-279.96
277.99,399.99,-160.25
-51.71,399.99,399.99
-377.37,-400.00,399.99
-52.08,-400.00,399.99
-331.98,-136.32,399.99
-264.84,-400.00,399.99
-400.00,399.99,399.99
-352.09,-204.68,399.99
242.48,-400.00,399.99
171.33,-400.00,-400.00
399.99,-400.00,-400.00
399.99,-400.00,399.99
399.99,-400.00,-400.00
4.24,-175.38,399.99
-400.00,399.99,399.99
-400.00,363.12,-400.00
-400.00,89.78,-400.00
-400.00,-75.68,339.62
-400.00,-307.74,399.99
-400.00,330.54,399.99
-90.58,399.99,399.99
-400.00,399.99,399.99
-400.00,399.99,399.99
-400.00,5.26,399.99
-400.00,-316.65,399.99
-400.00,-319.73,399.99
-400.00,-268.49,222.13
-282.31,-149.11,30.21
-113.76,-120.13,25.48
-32.64,-53.31,-15.21
-23.94,-22.18,-18.19
-22.90,-13.76,-14.09
-19.92,-13.00,-13.32
-16.35,-12.70,-10.08
-12.15,-12.04,-10.78
-9.40,-12.18,-9.79
-5.38,-11.00,-8.84
-2.56,-10.74,-11.27
0.61,-8.59,-10.51
4.32,-6.30,-10.56
7.98,-3.32,-10.85
10.85,0.68,-12.30
11.98,2.82,-11.98
13.57,5.98,-12.74
13.99,8.50,-13.67
14.36,7.98,-12.95
15.03,9.68,-12.56
14.92,9.56,-10.96
15.30,9.83,-10.00
15.12,9.34,-6.92
13.70,8.51,-4.99
12.15,7.12,-1.68
10.14,6.80,3.26
6.01,7.76,9.03
1.17,8.81,13.10
-2.66,6.20,14.54
-4.47,6.29,13.09
-6.77,5.26,13.92
-9.97,3.39,13.78
-14.40,1.94,13.28
-17.27,0.74,13.15
-19.84,-1.73,12.39
-19.92,-2.99,11.79
-18.80,-2.20,12.63
-16.32,-0.61,13.94
-12.04,1.55,15.48
-7.69,4.57,15.65
-2.81,6.79,16.05
1.45,8.45,15.14
5.82,9.27,11.85
9.23,10.74,9.57
12.49,11.51,7.01
15.60,12.39,0.92
16.87,12.88,-4.04
17.98,12.94,-9.05
18.31,13.44,-14.79
15.95,12.92,-22.35
11.55,11.80,-29.19
9.86,12.18,-31.70
7.15,11.82,-33.80
3.70,11.05,-36.85
0.82,10.88,-38.64
-2.58,10.61,-39.44
-6.10,11.02,-40.33
-7.70,11.95,-41.60
-8.57,12.38,-41.56
-8.47,12.05,-41.21
-6.91,12.05,-41.82
-4.17,11.28,-39.42
-1.49,11.60,-39.97
2.34,11.61,-37.01
5.32,10.39,-34.85
6.08,9.85,-33.50
7.79,8.48,-31.04
9.55,6.25,-27.97
11.12,4.10,-23.03
11.15,0.35,-19.34
10.28,-1.86,-15.37
8.89,-3.04,-14.33
7.96,-4.59,-11.65
6.90,-5.44,-10.46
7.52,-5.33,-10.51
7.74,-4.96,-8.87
8.78,-3.78,-7.98
10.25,-2.64,-8.97
12.33,-0.54,-8.72
14.40,2.27,-9.07
14.99,3.97,-9.19
17.82,7.71,-8.87
17.65,11.39,-11.47
18.76,16.35,-9.44
18.59,23.14,-10.53
17.48,29.00,-10.61
15.16,33.12,-12.51
13.51,37.89,-11.63
9.94,41.82,-13.10
7.63,44.42,-12.95
5.05,46.37,-13.60
1.98,48.27,-13.07
1.31,48.52,-12.98
0.12,49.72,-13.06
1.94,48.28,-14.22
5.29,46.14,-13.65
9.22,41.85,-13.65
13.01,37.51,-13.78
14.99,33.64,-12.13
17.55,29.42,-11.62
19.69,25.28,-11.27
20.02,20.96,-9.14
20.83,16.15,-10.77
21.01,11.25,-11.61
20.14,6.15,-13.83
22.79,1.23,-15.89
27.59,-7.91,-19.47
39.26,-22.78,-20.74
50.77,-45.03,-20.52
71.41,-77.84,-40.28
98.11,-119.37,-43.90
116.47,-120.83,71.19
32.01,-51.34,111.84
-21.57,-6.14,71.30
-35.24,-2.37,29.35
-35.41,-7.39,9.99
-32.24,-12.02,2.82
-30.36,-13.90,-1.65
-29.08,-13.98,-6.46
-28.87,-13.32,-8.45
-31.05,-10.89,-10.06
-29.75,-10.62,-9.50
-29.39,-10.12,-10.47
-29.97,-9.99,-8.86
-27.06,-10.50,-9.38
-23.86,-11.19,-7.65
-15.93,-13.39,-7.65
-9.25,-12.82,-9.11
-4.05,-11.79,-10.29
1.27,-9.36,-11.35
3.64,-8.22,-13.15
8.06,-5.25,-10.13
11.18,-1.01,-10.33
12.81,0.99,-9.74
14.36,3.39,-9.35
14.53,4.15,-9.72
14.32,4.97,-9.09
14.07,5.60,-7.95
14.86,5.69,-6.65
14.26,5.80,-4.60
13.51,6.03,-3.26
13.49,7.14,-1.14
12.40,6.30,1.00
10.74,7.28,4.38
8.90,7.43,6.25
6.99,6.59,9.22
3.30,6.18,10.67
0.15,6.31,13.39
-3.83,4.42,13.94
-7.18,2.53,14.03
-8.74,0.15,14.99
-10.72,-2.32,13.33
-13.05,-5.29,10.58
-14.28,-5.69,12.32
-14.81,-6.08,13.37
-13.77,-4.24,13.62
-11.88,-1.86,15.34
-9.90,2.38,15.58
-6.37,5.65,17.36
-1.86,6.96,16.39
2.71,8.89,14.42
6.59,8.92,10.97
10.55,10.84,8.63
13.45,11.47,5.14
16.30,11.08,2.12
17.40,10.07,-3.63
17.92,9.70,-8.91
16.98,8.94,-14.75
15.11,9.22,-22.56
13.76,8.68,-25.74
10.86,7.31,-28.14
9.09,7.67,-30.59
6.45,9.24,-33.67
4.83,9.69,-35.95
2.54,10.22,-36.82
0.17,11.44,-39.04
-2.37,12.04,-40.43
-5.38,12.43,-40.31
-6.37,12.68,-41.13
-6.09,11.16,-40.53
-4.65,9.02,-39.67
-4.09,7.13,-38.55
-4.26,5.21,-37.76
-2.45,4.22,-36.43
0.01,2.66,-35.05
2.71,1.27,-32.26
5.47,0.27,-28.69
7.24,-1.78,-24.61
7.08,-3.81,-21.34
6.86,-4.43,-17.19
6.95,-5.55,-12.60
7.53,-4.64,-7.64
9.64,-1.94,-3.32
11.99,2.91,-0.06
12.90,8.30,3.27
12.28,13.01,8.15
9.77,19.60,12.46
6.70,21.25,14.93
3.76,27.49,14.48
3.99,29.99,12.68
2.12,34.73,11.41
1.05,38.24,9.88
1.98,40.56,4.42
0.50,41.49,1.88
0.09,41.82,1.12
0.35,40.20,1.48
0.90,39.49,4.39
3.17,37.85,4.59
5.26,36.65,5.54
7.48,33.15,7.37
10.56,31.32,4.71
13.77,28.66,2.58
15.53,27.27,1.39
16.16,25.62,1.37
17.65,24.61,-2.80
18.68,21.40,-7.21
19.41,18.02,-7.82
19.52,12.29,-9.86
17.21,8.40,-9.83
15.84,4.20,-9.23
12.29,-1.56,-10.66
8.83,-4.99,-10.93
2.82,-8.79,-11.05
-0.24,-9.78,-10.21
-3.33,-10.90,-7.56
-6.97,-11.50,-3.80
-10.39,-11.82,-2.80
-12.83,-11.66,-1.62
-15.01,-12.54,-2.16
-16.58,-11.91,0.17
-19.75,-11.38,-0.23
-21.64,-9.90,2.03
-22.49,-9.25,1.61
-21.04,-10.38,1.16
-19.85,-10.83,1.29
-17.59,-11.61,-1.25
-16.16,-11.45,-2.55
-11.10,-12.02,-4.37
-7.48,-11.04,-4.97
-4.92,-10.33,-6.64
-1.70,-9.58,-5.73
-0.21,-8.92,-7.06
4.71,-6.45,-8.70
7.70,-4.57,-7.47
8.57,-2.51,-8.63
13.35,2.53,-8.31
13.55,3.94,-9.64
15.26,5.48,-9.96
15.82,6.35,-10.78
15.10,6.24,-9.88
14.32,5.57,-8.33
14.11,6.43,-4.39
14.25,6.49,-3.64
13.22,7.03,-0.68
11.46,6.35,3.89
8.86,7.08,8.00
5.79,8.09,11.47
1.76,9.16,14.45
0.15,7.25,14.56
-3.38,7.08,16.32
-6.53,5.54,15.50
-10.07,3.43,16.65
-12.63,2.62,16.33
-13.35,1.57,16.33
-12.66,1.40,15.86
-10.56,2.48,16.37
-7.71,5.11,16.47
-3.88,7.64,15.19
-0.67,7.78,14.11
3.26,9.56,13.67
6.30,9.97,11.11
8.92,9.17,9.83
11.60,8.61,5.42
13.37,7.01,2.48
15.59,6.71,-1.29
16.43,6.51,-5.65
16.08,5.92,-12.67
16.13,6.86,-17.77
13.55,7.12,-23.94
9.79,7.95,-29.52
4.47,8.83,-34.25
-0.11,9.09,-36.95
-3.80,10.08,-38.23
-4.93,11.04,-39.83