-0.0856383
-0.0788167
-0.0262054
-0.114698
-0.0282645
-0.035326
-0.0493041
-0.0707356
-0.18573
-0.14118
0.0460151
0.0330681
0.0520036
0.0895303
0.0356142
0.00759663
0.0671389
0.027196
0.0869573
0.0238605
-0.0488752
-0.00803085
0.0516535
0.119481
-0.0779131
-0.0441794
0.0774944
0.0630626
0.121556
-0.0112154
0.0955771
-0.0168364
0.0691628
0.0993501
0.123326
0.0688262
0.112886
0.112583
0.0924057
0.117096
0.0804541
0.112583
0.101846
0.120372
-0.00882514
0.0129519
-0.0883893
0.0264567
0.1006
0.00566983
0.0253458
0.0630626
0.113792
0.1006
0.104017
0.0949448
-0.0200761
0.124794
0.132337
0.0227434
0.0603237
-0.0262054
0.0370628
0.0784833
0.115598
0.0869573
0.0156077
0.118886
0.0431694
0.034161
0.108017
0.0630626
-0.0467357
0.0582582
0.0527029
-0.00486618
0.0856648
0.0125713
0.103707
0.0516535
0.102778
0.0568759
0.0892096
0.0866346
0.0784833
0.111978
0.114093
0.0651055
0.115297
0.120668
0.114696
0.117096
-0.0144199
0.0955771
0.130898
-0.0116149
0.0148504
-0.0172403
0.108935
0.125087
0.0554893
0.0242322
0.0312409
0.00566983
0.0920872
0.113188
0.0840435
0.0820895
-0.0399454
-0.00605061
0.033797
0.0987237
0.127422
0.131186
0.125087
0.110763
0.119184
0.0837184
0.0996629
0.0859883
0.0774944
0.0914495
0.0234884
0.120964
0.0924057
0.104635
0.0201268
0.0125713
0.0946283

-0.068067
-0.0806279
-0.0266166
-0.10234
-0.0365819
-0.0370011
-0.0553439
-0.0623279
-0.186802
-0.14118
0.0575676
0.0474313
0.0359767
0.0840435
0.034161
-0.00289825
0.0674769
0.0144713
0.0575676
-0.00289825
-0.0484466
-0.000156091
0.0540983
0.0946283
-0.0667374
-0.0441794
0.0748459
0.0620375
0.093042
-0.01967
0.0791413
0.0041229
0.0527029
0.0895303
0.0888886
0.0731823
0.119184
0.0977823
0.099037
0.0980963
0.0688262
0.0853411
0.072515
0.0711773
0.0167414
0.0359767
-0.0685109
0.0238605
0.10556
0.0208759
0.027934
0.0647657
0.108017
0.0993501
0.097468
0.0833931
-0.0221112
0.107405
0.0952611
0.0470777
0.0527029
-0.0128151
0.0558363
0.0551419
0.103707
0.0892096
0.0242322
0.120372
0.0627211
0.0118093
0.116497
0.0748459
-0.0649695
0.0540983
0.0807817
-0.00922271
0.101535
0.0330681
0.0705068
0.0830676
0.0876021
0.0388673
0.0537498
0.0516535
0.0547943
0.0791413
0.0833931
0.0249749
0.0801263
0.0892096
0.0901711
0.0917685
0.0148504
0.0904911
0.103398
-0.0108162
0.0216238
-0.0412121
0.0888886
0.117096
0.0388673
0.00759663
0.0121904
-0.0068418
0.0613528
0.0794699
0.0481378
0.0664622
-0.0484466
-0.0192643
0.0260867
0.0748459
0.0949448
0.0888886
0.099037
0.0778243
0.0853411
0.0599801
0.0781539
0.0681521
0.0688262
0.0898508
0.0264567
0.107711
0.0630626
0.0761722
0.0144713
0.00605576
0.0544464

-0.0738647
-0.0654109
-0.00486618
-0.0990554
-0.0233361
-0.0241543
-0.0450302
-0.0579527
-0.17247
-0.130256
0.0435261
0.0231161
0.0534011
0.0765032
0.0275651
-0.00329124
0.0694992
0.0260867
0.0788124
0.0208759
-0.0458823
0.00644143
0.0579131
0.105252
-0.060136
-0.0424818
0.0551419
0.0572219
0.0971535
0.00798109
0.0962084
-0.038261
0.0688262
0.0827418
0.112583
0.0623795
0.100288
0.103398
0.0751779
0.0946283
0.0579131
0.112583
0.108017
0.10985
-0.00526068
0.0216238
-0.0720745
0.027934
0.0965236
0.018249
0.0348881
0.0784833
0.0984101
0.101223
0.107711
0.0711773
-0.0307461
0.107098
0.13061
0.0305081
0.06101
0.00874916
0.0463696
0.0488431
0.118589
0.105252
0.0223705
0.113792
0.0345247
0.0216238
0.092724
0.0620375
-0.0743132
0.0735155
0.0801263
0.00451007
0.102778
0.0502505
0.0876021
0.0668007
0.0999755
0.0558363
0.0817629
0.0774944
0.0527029
0.0904911
0.0980963
0.0460151
0.0946283
0.0999755
0.0984101
0.092724
0.010664
0.0939945
0.116497
0.0125713
0.0463696
-0.0112154
0.109545
0.123914
0.06101
0.0290389
0.027196
0.00605576
0.0705068
0.117395
0.0748459
0.0830676
-0.0144199
-0.00407807
0.029774
0.0939945
0.107405
0.103088
0.120372
0.0955771
0.102157
0.0701713
0.104635
0.0751779
0.0824158
0.0853411
0.0431694
0.122442
0.0788124
0.0866346
0.0174958
0.0156077
0.0797982

-0.0967204
-0.0962545
-0.0257946
-0.142684
-0.0412121
-0.0429057
-0.057517
-0.0930032
-0.204185
-0.146713
0.0392273
0.0481378
0.0467238
0.110459
0.0367011
0.0125713
0.097468
0.0345247
0.0745137
0.0257164
-0.00526068
-0.00922271
0.0684892
0.118589
-0.0756605
-0.0433299
0.0984101
0.075841
0.0984101
0.0152292
0.0856648
-0.00565552
0.0824158
0.093042
0.110155
0.0833931
0.124794
0.124501
0.111674
0.111371
0.060667
0.105868
0.103088
0.0993501
0.00528352
0.033797
-0.0702899
0.0377854
0.118886
0.0129519
0.0316069
0.0804541
0.114997
0.122147
0.119481
0.0949448
0.00759663
0.125087
0.120964
0.0579131
0.0678146
0.0129519
0.0701713
0.0745137
0.127713
0.117992
0.00951595
0.138601
0.0748459
0.0219973
0.0984101
0.0701713
-0.0623279
0.0827418
0.10556
0.00101453
0.124207
0.0647657
0.0804541
0.0885673
0.104017
0.0651055
0.0856648
0.0872798
0.072515
0.0952611
0.0968387
0.0537498
0.0971535
0.0996629
0.0869573
0.105252
0.0133322
0.0895303
0.107711
-0.00565552
0.0257164
-0.0315759
0.103088
0.122147
0.0592922
0.0399466
0.0242322
-0.00172122
0.0627211
0.0968387
0.0691628
0.0774944
-0.0212962
0.000234448
0.0327032
0.092724
0.101223
0.0917685
0.112583
0.100288
0.0920872
0.0661234
0.0939945
0.0534011
0.0971535
0.0869573
0.033797
0.115598
0.0688262
0.0735155
0.00528352
0.00101453
0.0888886

-0.0829
-0.0879299
-0.034908
-0.120971
-0.0458823
-0.0618888
-0.0627673
-0.0810816
-0.191647
-0.136688
0.0249749
0.0442386
0.060667
0.111978
0.0301412
0.0275651
0.0920872
0.0264567
0.0869573
0.0249749
-0.0221112
0.0174958
0.0561831
0.121556
-0.0658528
-0.0370011
0.0993501
0.0718466
0.102467
0.0163638
0.0898508
-0.033656
0.0688262
0.0885673
0.1006
0.0745137
0.117096
0.10556
0.0971535
0.107405
0.0668007
0.10556
0.0946283
0.097468
-0.00723785
0.0137122
-0.0943945
0.0589478
0.113792
0.0159859
0.0178725
0.0701713
0.110459
0.093042
0.109545
0.097468
-0.0180489
0.121556
0.128874
0.0283025
0.0603237
-0.00368451
0.0392273
0.0827418
0.122442
0.103088
0.0140919
0.10985
0.0647657
0.019001
0.0968387
0.0721809
-0.0523157
0.0674769
0.0911303
0.0118093
0.114997
0.034161
0.0843682
0.0654451
0.103398
0.0694992
0.0853411
0.0788124
0.081109
0.108629
0.0965236
0.0674769
0.0879241
0.108935
0.0908108
0.10924
0.0205015
0.0837184
0.108935
0.00334764
0.0395871
-0.0245639
0.101846
0.131474
0.0596363
0.0249749
0.0301412
0.0137122
0.0630626
0.104017
0.0751779
0.0701713
-0.0068418
-0.0180489
0.010664
0.0794699
0.11349
0.10924
0.130898
0.108629
0.0901711
0.0771642
0.102157
0.0885673
0.093042
0.0788124
0.0377854
0.116198
0.0946283
0.0996629
0.0246037
0.0377854
0.0701713

-0.0734166
-0.0779131
-0.0290904
-0.114218
-0.0391025
-0.0307461
-0.0549103
-0.0838114
-0.165156
-0.132722
0.0613528
0.0392273
0.038507
0.104635
0.0359767
0.00451007
0.0911303
0.0249749
0.0718466
0.00295955
-0.0229275
-0.0152241
0.0596363
0.106484
-0.0806279
-0.0344903
0.0781539
0.06101
0.104635
-0.00723785
0.099037
-0.034073
0.0640852
0.101535
0.106791
0.0794699
0.109545
0.115898
0.0801263
0.122442
0.0876021
0.110155
0.0917685
0.097468
-0.00644604
0.0388673
-0.0783647
0.0495474
0.113188
0.0388673
0.0435261
0.0694992
0.108629
0.0965236
0.115898
0.0846928
-0.0536115
0.107711
0.112583
0.0312409
0.0592922
0.00644143
0.0551419
0.0728488
0.128004
0.081109
0.0205015
0.123914
0.0540983
0.00836526
0.100912
0.0623795
-0.0553439
0.0715121
0.0771642
0.0041229
0.0885673
0.0420976
0.097468
0.0888886
0.107098
0.0488431
0.0705068
0.0657844
0.0728488
0.0993501
0.0993501
0.0352513
0.0958928
0.105252
0.102157
0.111978
-0.00763419
0.100288
0.110155
-0.00565552
0.0193765
-0.038261
0.0911303
0.119184
0.0359767
0.0186251
-0.00329124
-0.0128151
0.0678146
0.0817629
0.0705068
0.0688262
-0.0311608
-0.000156091
0.033797
0.0817629
0.0977823
0.107405
0.111067
0.0879241
0.0996629
0.0814361
0.0869573
0.0603237
0.0952611
0.0837184
0.0253458
0.123031
0.0830676
0.0715121
0.0152292
0.0140919
0.0661234

-0.0893092
-0.0756605
-0.0257946
-0.123888
-0.0299176
-0.0471629
-0.0636471
-0.0842675
-0.207493
-0.150766
0.0498991
0.0428124
0.0647657
0.0984101
0.0316069
0.0242322
0.0843682
0.0438825
0.0824158
0.0152292
-0.0116149
-0.0168364
0.0575676
0.0987237
-0.0540441
-0.0286773
0.0814361
0.0688262
0.0917685
0.0152292
0.0721809
-0.0132158
0.0640852
0.105252
0.0908108
0.0774944
0.104017
0.0977823
0.0933598
0.10985
0.0794699
0.106176
0.0971535
0.101223
-0.00565552
0.0205015
-0.0967204
0.0565297
0.120668
0.00295955
0.0406647
0.0715121
0.110155
0.0971535
0.111371
0.085017
-0.0156267
0.115598
0.113188
0.027934
0.0691628
0.0114278
0.0453054
0.0657844
0.116797
0.0939945
0.0316069
0.120964
0.0540983
0.0178725
0.103088
0.0774944
-0.0531792
0.0664622
0.0949448
0.0257164
0.114997
0.0620375
0.0933598
0.0735155
0.106791
0.0513032
0.0691628
0.0572219
0.0613528
0.0765032
0.0882458
0.0283025
0.0856648
0.0968387
0.101535
0.108629
0.0286709
0.105868
0.104944
-0.00211326
0.0216238
-0.0229275
0.114997
0.125672
0.0509526
0.010664
-0.000156091
-0.000546914
0.0654451
0.0977823
0.06101
0.0664622
-0.0395238
-0.0245639
0.0363391
0.0933598
0.104944
0.092724
0.128004
0.114997
0.101223
0.0657844
0.10556
0.0728488
0.0824158
0.102157
0.0445945
0.11829
0.075841
0.0888886
0.0178725
0.0264567
0.0781539

-0.0930032
-0.0943945
-0.0424818
-0.120002
-0.0378407
-0.0505928
-0.0562121
-0.0819901
-0.18466
-0.135694
0.0530522
0.0334327
0.0502505
0.0827418
0.0264567
0.00836526
0.0377854
0.0428124
0.0824158
-0.00763419
-0.0221112
-0.00803085
0.0558363
0.101223
-0.0596986
-0.041635
0.0691628
0.0498991
0.106791
-0.00447196
0.0784833
-0.0357443
0.0417398
0.0731823
0.104326
0.0708422
0.116797
0.108324
0.0920872
0.0917685
0.0630626
0.10924
0.0911303
0.107711
-0.0176444
0.0268265
-0.0756605
0.0484906
0.108324
0.00644143
0.0283025
0.0530522
0.100288
0.0820895
0.0853411
0.0801263
-0.0270281
0.112583
0.120668
0.0140919
0.0413817
-0.000546914
0.027934
0.0603237
0.114997
0.0784833
0.019001
0.115898
0.0547943
0.00874916
0.0817629
0.0572219
-0.0649695
0.0644256
0.0755096
-0.0160296
0.0859883
0.0148504
0.0698353
0.0644256
0.0837184
0.0647657
0.0863116
0.0664622
0.0664622
0.0824158
0.0698353
0.0193765
0.0914495
0.0901711
0.0781539
0.0843682
0.00101453
0.113188
0.110155
-0.0176444
0.0041229
-0.0132158
0.0755096
0.0946283
0.0428124
0.00836526
0.0041229
-0.00368451
0.0388673
0.0715121
0.0460151
0.0664622
-0.0497333
-0.0357443
-0.00289825
0.0755096
0.0863116
0.0999755
0.0898508
0.0671389
0.099037
0.0399466
0.06101
0.0460151
0.06101
0.0917685
0.0312409
0.0882458
0.0534011
0.0741813
0.00798109
-0.00132946
0.0644256

-0.0902306
-0.0833555
-0.034908
-0.113259
-0.032823
-0.0518845
-0.0623279
-0.0943945
-0.202537
-0.150766
0.0345247
0.0460151
0.0506017
0.0784833
0.00913269
0.0231161
0.0634037
0.027196
0.0895303
0.00218247
-0.0233361
-0.0229275
0.0579131
0.11349
-0.0743132
-0.0437545
0.0791413
0.0561831
0.106484
-0.00289825
0.0794699
-0.0278521
0.0495474
0.0866346
0.117395
0.0765032
0.117694
0.121852
0.105868
0.0892096
0.0630626
0.125087
0.0965236
0.119778
-0.00289825
0.00605576
-0.0747619
0.0253458
0.111978
0.010664
0.0352513
0.0637446
0.113792
0.097468
0.0987237
0.0651055
0.000234448
0.119481
0.133197
0.0456604
0.0435261
0.00913269
0.0481378
0.0647657
0.120668
0.106484
0.0438825
0.118589
0.0589478
0.0227434
0.0946283
0.0540983
-0.0566467
0.0824158
0.0898508
0.00836526
0.110459
0.0395871
0.100288
0.081109
0.106791
0.06101
0.0817629
0.0914495
0.0748459
0.0888886
0.0888886
0.032338
0.114395
0.10985
0.0949448
0.0904911
-0.0156267
0.0987237
0.119481
-0.0270281
0.00451007
-0.000546914
0.109545
0.0962084
0.0540983
0.0219973
0.0148504
0.0171187
0.0491954
0.0774944
0.0586032
0.0741813
-0.0424818
-0.0257946
0.010664
0.0946283
0.0968387
0.111067
0.104326
0.0901711
0.109545
0.0488431
0.0872798
0.0551419
0.0882458
0.0962084
0.0294066
0.0958928
0.0711773
0.072515
-0.00763419
0.000624661
0.0794699

-0.0788167
-0.075211
-0.0152241
-0.124376
-0.0399454
-0.0480184
-0.0627673
-0.0838114
-0.178272
-0.151275
0.0498991
0.0530522
0.04495
0.108324
0.0163638
0.0178725
0.0898508
0.0301412
0.0885673
0.0167414
-0.0315759
-0.0370011
0.0417398
0.112886
-0.0667374
-0.0450302
0.0958928
0.0771642
0.0999755
-0.00565552
0.0879241
-0.0233361
0.0830676
0.097468
0.0999755
0.0885673
0.140291
0.143089
0.10924
0.099037
0.0705068
0.129743
0.107098
0.110459
-0.00882514
0.0370628
-0.0783647
0.0388673
0.121556
-0.00132946
0.0223705
0.0794699
0.114997
0.10924
0.101846
0.0901711
-0.0108162
0.129164
0.131186
0.0363391
0.0575676
0.0072119
0.0520036
0.0721809
0.125087
0.0952611
0.010664
0.148347
0.0678146
0.0212499
0.102467
0.0807817
-0.0765605
0.0761722
0.0936772
0.00605576
0.105868
0.0305081
0.0882458
0.0721809
0.108935
0.0523534
0.0939945
0.0827418
0.0751779
0.0920872
0.0879241
0.0395871
0.097468
0.111978
0.102778
0.106176
0.0348881
0.117395
0.119778
-0.00368451
0.0121904
-0.0420582
0.105252
0.11349
0.0561831
0.0171187
0.0216238
-0.000156091
0.0654451
0.0814361
0.0817629
0.0778243
-0.0610117
-0.0188589
0.0374243
0.0908108
0.107098
0.108935
0.108935
0.0846928
0.102467
0.0616953
0.0872798
0.0681521
0.0701713
0.104326
0.0242322
0.108017
0.0840435
0.0904911
0.00759663
0.00489695
0.0791413

