-0.123276
-0.0821935
-0.198291
-0.140996
-0.131356
-0.189355
0.0379266
0.0226251
0.00868161
-0.0255903
-0.0384886
-0.0165109
0.0146015
0.00456989
0.108572
0.0403707
0.0428019
0.0344124
0.0019354
0.0208133
0.00979706
0.0527376
-0.0393052
-0.0176862
0.0693638
-0.0118362
-0.00797303
0.00606903
-0.0397139
-0.108808
0.0208133
0.01239
0.00793657
-0.0356403
-0.0614015
-0.0228102
-0.00299442
0.0462527
-0.0161197
-0.019651
0.0581267
0.0157035
0.0841135
-0.00912891
0.00344251
-0.00452109
-0.0380808
-0.0208335
-0.0212282
0.0670739
0.0382765
-0.0212282
-0.0397139
-0.0875107
0.0308716
-0.0126124
-0.0169024
-0.00566912
0.0182652
0.0410666
-0.0200449
-0.0192575
0.0189946
0.0465963
-0.0393052
0.0621258
-0.0388968
0.00606903
0.0255098
0.00979706
0.0262282
-0.0622528
0.0182652
0.0193589
0.0258691
0.0654308
0.0790414
-0.0434067
0.0287342
0.0445305
-0.0605515
0.030516
0.0455646
0.0986622
-0.0492012
-0.000333852
0.0179001
-0.0517035
-0.0839605
-0.0340195
-0.00299442
-0.00720388
0.0071904
0.054091
0.0168031
-0.105588
0.0240696
0.0594638
0.0120204
0.026587
0.0506998
0.0875651
0.0503593
0.0513801
-0.00912891
0.0287342
-0.0648145
0.0479683
-0.00566912
-0.0118362
0.0815851
-0.0839605
-0.0340195
0.0215388
-0.0743078
0.0361729
0.00268952
0.0240696
-0.0122242
0.0434941
-0.00681973
0.0347651
0.071317
0.0604639
-0.0483697
0.0396737
0.0732613
-0.0682483
0.0410666
0.0844285
0.0581267
0.01091
-0.023603
0.0200866
0.0204501
-0.0320004
0.0340596
-0.0320004
0.00344251
0.0496774
-0.0102874
-0.0172941
-0.0462963
-0.00681973
0.0322912
0.0149692
0.0315819
0.0761612

-0.126116
-0.0978382
-0.164232
-0.166248
-0.125642
-0.206272
0.0431481
0.0294477
0.00756367
0.00419439
-0.0479543
-0.0287856
0.0233479
-0.00413897
0.0940752
0.0276618
0.0312269
0.017169
4.50311e-05
0.0287342
0.00381857
0.0517199
-0.0563206
-0.0165109
0.0680568
-0.0255903
-0.0228102
0.0064431
-0.0356403
-0.081312
-0.00375717
0.00532003
0.0071904
-0.0546372
-0.0756146
-0.0172941
-0.0118362
0.0354695
-0.0224143
-0.0311948
0.0594638
0.00118013
0.061794
-0.0232064
-0.00223281
0.00606903
-0.0550576
-0.0376733
-0.0267863
0.0644419
0.0287342
-0.0405324
-0.0267863
-0.0826348
0.0368751
-0.0267863
-0.0216233
0.00118013
0.0219012
0.0215388
-0.0169024
-0.0417623
0.0164368
0.0455646
-0.0356403
0.054091
-0.0311948
-0.0141682
0.0071904
0.0105393
0.00905375
-0.0652426
0.00419439
0.0244301
0.0142336
0.0621258
0.055777
-0.062679
0.0215388
0.0375764
-0.045056
0.0146015
0.0269455
0.0878775
-0.0588553
0.00868161
0.0112804
-0.0438185
-0.0614015
-0.0405324
-0.019651
-0.0180785
0.0179001
0.0500185
0.00494506
-0.0955778
0.0308716
0.0551034
0.0189946
0.0358213
0.0472828
0.0771234
0.0530763
0.0462527
-0.00951481
0.00456989
-0.0571642
0.053753
-0.0122242
-0.0106742
0.0755185
-0.081312
-0.00797303
0.000802061
-0.0777993
0.0294477
-0.0130009
0.0386262
-0.0126124
0.0382765
-0.00185243
0.0262282
0.0654308
0.0577918
-0.0259887
0.0424553
0.0637814
-0.0730039
0.0347651
0.0690374
0.0459088
0.00456989
-0.00643594
0.0273038
0.00830923
-0.0303906
0.0431481
-0.0247945
-0.00990094
0.0368751
0.000802061
-0.0118362
-0.041352
-0.000333852
0.0340596
-0.00375717
0.00979706
0.0677294

-0.131835
-0.0870658
-0.170299
-0.138572
-0.123276
-0.18467
0.0584613
0.0386262
0.00830923
0.00681689
-0.0529589
0.00042371
0.0358213
0.0179001
0.106789
0.0489945
0.0393248
0.0290911
0.0175347
0.0365241
0.0182652
0.0683839
-0.0487853
-0.0106742
0.081268
-0.0145579
-0.000333852
0.00306616
-0.0368592
-0.10927
0.00942553
0.0229867
4.50311e-05
-0.0730039
-0.0483697
-0.0299888
0.00532003
0.0445305
-0.024397
-0.0169024
0.0651014
0.0222633
0.085686
-0.0255903
0.0168031
0.0112804
-0.0263873
-0.024397
-0.0180785
0.0790414
0.0462527
-0.020439
-0.0376733
-0.070405
0.0322912
-0.00874333
-0.0118362
0.0157035
0.0258691
0.0417615
-0.0180785
-0.0340195
0.0237089
0.0561134
-0.0492012
0.0745525
-0.0176862
0.00793657
0.0361729
0.0153365
0.0294477
-0.0462963
0.0127593
0.0329993
0.0445305
0.0624574
0.0748748
-0.0521216
0.0375764
0.0308716
-0.0517035
0.0414142
0.0476257
0.0965281
-0.0554782
0.0182652
0.00569467
-0.0458825
-0.0738728
-0.0446432
0.00532003
0.00868161
0.026587
0.0674018
0.0229867
-0.100107
0.0255098
0.0594638
0.0382765
0.0431481
0.0503593
0.0919167
0.0472828
0.0584613
-0.0110612
0.0315819
-0.0571642
0.0571212
-0.0106742
0.013497
0.0850577
-0.0933259
-0.0110612
-0.00720388
-0.0799922
0.01863
-0.00990094
0.0386262
-0.00758832
0.0354695
-0.00147239
0.0386262
0.0624574
0.0703415
-0.058432
0.0462527
0.0722902
-0.0875107
0.028377
0.0922257
0.054091
0.01091
-0.0224143
0.0290911
0.0193589
-0.0263873
0.0431481
-0.0161197
0.00118013
0.0544287
-0.00337563
-0.00720388
-0.0521216
0.017169
0.0290911
0.0019354
0.0280195
0.0683839

-0.125168
-0.110194
-0.18467
-0.127066
-0.11998
-0.18779
0.0500185
0.0247902
0.00942553
-0.0172941
-0.0525401
-0.0208335
0.0222633
-0.00835801
0.111526
0.0400223
0.0298041
0.0219012
-0.00185243
0.0322912
0.00905375
0.0465963
-0.0580091
-0.0220186
0.0900574
-0.0133897
-0.00681973
-0.0114486
-0.0434067
-0.0978382
0.0015579
-0.00490343
-0.00109258
-0.0462963
-0.0648145
-0.0184712
0.00756367
0.0472828
-0.0172941
-0.0291864
0.061794
0.00118013
0.085372
-0.0114486
0.0101684
-0.00413897
-0.0364526
-0.0336151
-0.0114486
0.0561134
0.0298041
-0.0454691
-0.0405324
-0.0892939
0.0189946
-0.0279849
-0.019651
0.00494506
0.0153365
0.0340596
-0.0340195
-0.0208335
0.0208133
0.0417615
-0.0315974
0.0527376
-0.0483697
-0.0192575
0.00569467
0.0131283
0.0101684
-0.0605515
0.00830923
0.0258691
0.0276618
0.0472828
0.0631199
-0.0425839
0.0247902
0.0319367
-0.0521216
0.0175347
0.0262282
0.0980536
-0.0504509
0.00419439
0.0226251
-0.058432
-0.0933259
-0.0336151
-0.00185243
-0.00990094
0.000802061
0.061794
0.0175347
-0.107886
0.0179001
0.0719661
0.0164368
0.0403707
0.0361729
0.0909881
0.0561134
0.0438398
-0.0122242
0.0138655
-0.0682483
0.0611295
-0.00147239
0.00494506
0.0928431
-0.0955778
-0.0137788
-0.00912891
-0.0609763
0.028377
-0.0110612
0.0445305
-0.0271855
0.0354695
-0.0165109
0.0229867
0.0764822
0.0687108
-0.024397
0.0547662
0.0751968
-0.0852893
0.0358213
0.0875651
0.0571212
0.00268952
-0.0216233
0.0164368
0.0164368
-0.0320004
0.0424553
-0.0295874
0.0064431
0.0587957
0.0105393
-0.00185243
-0.0496175
-0.0102874
0.0410666
-0.0114486
0.0290911
0.0716416

-0.131835
-0.1153
-0.195124
-0.134713
-0.132793
-0.185708
0.0577918
0.0379266
4.50311e-05
4.50311e-05
-0.0388968
-0.0200449
0.026587
0.00942553
0.0980536
0.0421086
0.0469397
0.0337064
-0.00452109
0.0298041
0.013497
0.0611295
-0.0517035
-0.0267863
0.0828512
-0.0228102
-0.0228102
0.00042371
-0.041352
-0.0987448
-0.000713085
0.0164368
4.50311e-05
-0.0259887
-0.0575865
-0.0228102
0.0197229
0.0513801
-0.0118362
4.50311e-05
0.0660888
0.0101684
0.0815851
-0.00758832
-0.00185243
0.00456989
-0.050034
-0.0328071
-0.0165109
0.0777637
0.0476257
-0.0376733
-0.0352346
-0.0848461
0.0247902
-0.0161197
-0.0251922
0.00830923
0.0347651
0.0301602
-0.0220186
-0.0110612
0.0251501
0.0489945
-0.0275851
0.0677294
-0.024397
-0.00413897
0.0229867
0.00868161
0.0322912
-0.07127
0.0189946
0.0365241
0.0315819
0.0703415
0.06969
-0.0575865
0.0237089
0.0379266
-0.0563206
0.0312269
0.0326454
0.097749
-0.0517035
0.0116506
0.0200866
-0.0315974
-0.0835183
-0.0446432
-0.00643594
0.00118013
0.0208133
0.0547662
0.0258691
-0.103756
0.0276618
0.0513801
0.0273038
0.0410666
0.0347651
0.0825351
0.0244301
0.0547662
-0.00951481
0.0287342
-0.0777993
0.0574566
0.00268952
0.00306616
0.0700159
-0.0901875
-0.0251922
-0.00299442
-0.06911
0.0247902
0.0071904
0.028377
-0.00720388
0.0322912
-0.00912891
0.0290911
0.080633
0.0581267
-0.0122242
0.0354695
0.0780835
-0.0861769
0.0312269
0.0790414
0.0554403
-0.00758832
-0.0208335
0.00868161
0.0200866
-0.0255903
0.0476257
-0.0220186
0.000802061
0.0527376
-0.00452109
-0.00452109
-0.0563206
-0.00452109
0.0322912
0.0071904
0.028377
0.0687108

-0.141481
-0.11251
-0.174885
-0.124695
-0.133752
-0.192495
0.0452201
0.0168031
0.0101684
-0.00720388
-0.0508681
-0.0247945
0.0389756
0.00344251
0.101691
0.028377
0.0445305
0.0211762
0.000802061
0.0204501
0.0193589
0.0520594
-0.0417623
-0.0188642
0.0729378
-0.0208335
-0.00720388
-0.0141682
-0.0487853
-0.0942256
0.01091
0.0146015
-0.00452109
-0.0388968
-0.070405
-0.0153382
-0.0157288
0.0396737
-0.0307925
-0.00185243
0.0657599
0.00494506
0.0796788
-0.0307925
-0.00605237
0.0015579
-0.053378
-0.0307925
-0.0165109
0.0670739
0.0337064
-0.0176862
-0.0145579
-0.0777993
0.01863
-0.0192575
-0.0172941
0.0112804
0.0149692
0.0393248
-0.0239999
-0.0380808
0.0153365
0.0517199
-0.0328071
0.055777
-0.0328071
0.00118013
0.0247902
0.0222633
0.0276618
-0.0525401
0.0193589
0.0244301
0.0240696
0.0651014
0.0611295
-0.0525401
0.0193589
0.0298041
-0.0384886
0.0240696
0.0351174
0.0925346
-0.0554782
0.0019354
0.0138655
-0.0388968
-0.0764875
-0.0251922
-0.000713085
-0.0200449
0.00456989
0.0554403
0.0229867
-0.113903
0.0351174
0.0624574
0.0294477
0.0379266
0.0389756
0.0847432
0.0372259
0.0500185
-0.0172941
0.0301602
-0.0695414
0.0472828
0.0131283
-0.00835801
0.085686
-0.0888476
-0.00990094
-0.00720388
-0.0826348
0.0112804
-0.00797303
0.0280195
4.50311e-05
0.0287342
-0.0141682
0.0438398
0.0787223
0.0527376
-0.0320004
0.0428019
0.0844285
-0.0955778
0.026587
0.0815851
0.0719661
-0.00337563
-0.0122242
0.0182652
0.0262282
-0.0364526
0.0389756
-0.0255903
-0.00490343
0.0520594
-0.00490343
-0.00375717
-0.0360463
0.0101684
0.0322912
0.00532003
0.0160703
0.0726141

-0.135676
-0.109732
-0.169284
-0.12045
-0.148813
-0.177446
0.0441853
0.0290911
0.00306616
-0.0145579
-0.0614015
-0.0291864
0.0193589
-0.00490343
0.100785
0.0237089
0.0258691
0.00606903
-0.0239999
0.0219012
0.00118013
0.0527376
-0.0563206
-0.0118362
0.0654308
-0.0176862
-0.0172941
-0.0130009
-0.023603
-0.0942256
-0.00605237
0.0258691
0.0023126
-0.024397
-0.0751787
-0.0172941
-0.0232064
0.0372259
-0.0180785
-0.0247945
0.0627888
-0.00109258
0.0745525
-0.0324036
-0.00912891
0.0208133
-0.0397139
-0.0368592
-0.0287856
0.0547662
0.0386262
-0.0434067
-0.0328071
-0.0830764
0.0222633
-0.0232064
-0.0328071
0.00830923
0.0229867
0.0280195
-0.0348293
-0.0328071
0.0179001
0.0410666
-0.0364526
0.0594638
-0.0393052
-0.00490343
0.0319367
0.0149692
0.0233479
-0.070405
0.0215388
0.0319367
0.0179001
0.0594638
0.0607968
-0.0622528
0.0237089
0.0400223
-0.068679
0.0211762
0.0229867
0.0937675
-0.0588553
-0.0133897
0.013497
-0.0446432
-0.074743
-0.0200449
0.0019354
-0.0149479
0.0215388
0.054091
0.0340596
-0.0996527
0.026587
0.0651014
0.0208133
0.0393248
0.0448755
0.0768029
0.0493361
0.0476257
-0.00758832
0.0179001
-0.0614015
0.0500185
-0.00874333
-0.0149479
0.0803152
-0.0892939
-0.00261348
-0.0122242
-0.0601269
0.0258691
-0.00990094
0.0489945
-0.0106742
0.0389756
-0.0176862
0.0428019
0.0764822
0.0670739
-0.0271855
0.0396737
0.0700159
-0.0751787
0.0389756
0.0803152
0.0534148
0.017169
-0.0122242
0.00942553
0.013497
-0.0344242
0.0424553
-0.0336151
-0.00261348
0.0308716
0.00868161
-0.00797303
-0.0529589
0.0112804
0.0294477
-0.00720388
0.0269455
0.0584613

-0.137122
-0.100562
-0.175396
-0.137122
-0.128969
-0.183633
0.0577918
0.0344124
0.0105393
-0.00490343
-0.0425839
-0.0172941
0.0179001
0.00494506
0.104997
0.0441853
0.0294477
0.0368751
-0.00299442
0.0351174
0.00793657
0.0611295
-0.0458825
-0.0180785
0.0751968
-0.0137788
-0.0126124
0.00905375
-0.0320004
-0.0897406
-0.0102874
0.0175347
-0.00337563
-0.0434067
-0.0830764
-0.0172941
0.000802061
0.0421086
-0.0184712
-0.0212282
0.0624574
0.00756367
0.0847432
-0.0161197
0.00532003
0.01091
-0.0344242
-0.0303906
-0.024397
0.07584
0.0389756
-0.0352346
-0.0360463
-0.0888476
0.0290911
-0.0224143
-0.0126124
4.50311e-05
0.0301602
0.0414142
-0.0192575
-0.0169024
0.0168031
0.0597974
-0.0496175
0.0674018
-0.023603
-0.00566912
0.0211762
0.0142336
0.0229867
-0.0614015
0.0189946
0.0319367
0.0396737
0.0591299
0.0709921
-0.0558992
0.0262282
0.0354695
-0.0622528
0.0368751
0.0329993
0.0934596
-0.0601269
0.0101684
0.01863
-0.0311948
-0.081312
-0.0161197
-0.00874333
-0.0122242
0.0138655
0.0527376
0.0251501
-0.0960292
0.0294477
0.0683839
0.0290911
0.0298041
0.0445305
0.0796788
0.0465963
0.0611295
-0.0106742
0.0358213
-0.0730039
0.0611295
-0.00261348
-0.00413897
0.0748748
-0.0996527
-0.0259887
0.00905375
-0.0937756
0.0462527
0.0015579
0.0424553
-0.0145579
0.0503593
-0.0137788
0.0400223
0.0670739
0.0651014
-0.0492012
0.0358213
0.0745525
-0.0756146
0.0472828
0.0732613
0.0674018
0.00942553
-0.0153382
0.0215388
0.0215388
-0.0291864
0.0469397
-0.0212282
0.0105393
0.0438398
-0.0133897
-0.00720388
-0.0537974
0.00042371
0.0424553
0.00456989
0.0255098
0.0755185

-0.135194
-0.113903
-0.194597
-0.130878
-0.132793
-0.182598
0.0455646
0.0361729
4.50311e-05
-0.0141682
-0.0471247
-0.00375717
0.0301602
0.0071904
0.0995734
0.0312269
0.0417615
0.0344124
-0.00185243
0.0312269
0.0101684
0.0486527
-0.0380808
-0.0106742
0.06969
-0.0239999
-0.0180785
-0.000333852
-0.0438185
-0.0919788
-0.00835801
0.01863
0.00830923
-0.0393052
-0.0652426
-0.00109258
-0.00874333
0.0393248
0.00344251
-0.0137788
0.0574566
0.0131283
0.0719661
-0.0153382
0.00118013
-0.00452109
-0.0504509
-0.0328071
-0.0216233
0.0667458
0.026587
-0.0271855
-0.0255903
-0.0760509
0.0361729
-0.0283851
-0.0239999
0.00419439
0.0222633
0.0237089
-0.0220186
-0.0126124
0.00793657
0.0469397
-0.0332109
0.0486527
-0.0384886
-0.00566912
0.0160703
0.0071904
0.0211762
-0.0609763
0.0101684
0.0322912
0.0273038
0.0527376
0.0732613
-0.0525401
0.00830923
0.0329993
-0.0669582
0.0219012
0.0329993
0.0912979
-0.0525401
0.00979706
0.0189946
-0.0425839
-0.079553
-0.0336151
-0.0122242
-0.020439
0.01239
0.0510401
0.0211762
-0.110656
0.0262282
0.0551034
0.0354695
0.0312269
0.0534148
0.081902
0.0372259
0.0389756
-0.00835801
0.013497
-0.0660998
0.0584613
-0.0149479
-0.00413897
0.0828512
-0.0821935
-0.00758832
-0.0118362
-0.0852893
0.0322912
0.000802061
0.0382765
-0.00452109
0.0308716
-0.00375717
0.0326454
0.071317
0.0680568
-0.0247945
0.0329993
0.0793602
-0.0660998
0.0410666
0.0803152
0.061794
0.00905375
-0.00337563
0.00681689
0.0197229
-0.0462963
0.0375764
-0.0315974
0.00118013
0.0517199
-0.00490343
-0.0118362
-0.0483697
0.0146015
0.0276618
-0.00874333
0.0179001
0.071317

-0.131835
-0.0901875
-0.171824
-0.122804
-0.128969
-0.181049
0.0527376
0.0269455
0.00793657
-0.00797303
-0.0521216
-0.0126124
0.017169
-0.00452109
0.0943826
0.0414142
0.033353
0.0229867
-0.0208335
0.0301602
0.0071904
0.0523986
-0.0496175
-0.0208335
0.0604639
-0.0208335
-0.00681973
-0.00758832
-0.0368592
-0.085733
0.00830923
0.0247902
0.000802061
-0.023603
-0.061827
-0.0169024
-0.00720388
0.0337064
-0.00835801
-0.0180785
0.0601308
0.00419439
0.07584
-0.0161197
-0.00109258
0.0189946
-0.0376733
-0.0442307
-0.0352346
0.07584
0.0400223
-0.0475394
-0.0336151
-0.0884016
0.0237089
-0.0165109
-0.0208335
0.00793657
0.01863
0.0354695
-0.0287856
-0.0315974
0.0189946
0.0587957
-0.0446432
0.07584
-0.0247945
-0.00912891
0.0071904
0.0160703
0.0315819
-0.0799922
0.0200866
0.0208133
0.0255098
0.0587957
0.0722902
-0.0558992
0.0149692
0.0337064
-0.069973
0.0347651
0.0244301
0.0925346
-0.0483697
-0.00643594
0.0112804
-0.041352
-0.0835183
-0.0405324
0.0015579
-0.0153382
0.0146015
0.0500185
0.00793657
-0.119041
0.0240696
0.0584613
0.026587
0.0428019
0.0382765
0.0793602
0.0431481
0.0554403
-0.00299442
0.0175347
-0.0631054
0.0530763
-0.00528613
-0.00605237
0.0834829
-0.0839605
-0.0247945
0.0116506
-0.0743078
0.0287342
-0.0149479
0.0315819
-0.00951481
0.0403707
-0.0133897
0.0204501
0.0706669
0.0621258
-0.0368592
0.0431481
0.078403
-0.079553
0.0389756
0.071317
0.061794
0.0105393
-0.0356403
0.0168031
0.00942553
-0.0220186
0.0312269
-0.0279849
0.00118013
0.0361729
-0.00874333
-0.0122242
-0.0592788
0.0105393
0.0403707
-0.00109258
0.0273038
0.0703415

