0.076813
0.119975
0.0394657
0.0969342
-0.122329
0.151266
0.0799509
0.0207099
-0.13466
-0.0637927
0.0933733
0.0813695
-0.0487392
-0.179546
0.0131932
0.0249071
0.0203856
0.166496
-0.000499952
0.12912
0.0580859
0.0988386
0.0407104
0.117913
0.029386
0.0878336
0.111658
0.0830655
-0.0373497
0.111658
0.0416417
0.0553867
0.0903357
0.0520653
0.101274
0.0281107
0.141214
0.0928227
0.117395
-0.085168
0.0790974
0.086157
0.0468835
-0.077303
0.112445
-0.0776937
0.103963
0.101544
0.13187
-0.0730224
0.045348
0.0900585
0.0914429
-0.0476265
-0.00869345
0.0574875
-0.00800554
-0.00628989
-0.0745753
0.0595783
-0.0955529
0.160807
0.0428805
0.0616592
0.153383
0.13162
0.089781
-0.009727
0.074804
0.0853161
0.0972068
0.111132
0.0654978
0.0468835
0.13534
-0.00185632
0.0788125
0.15103
0.0022018
0.143633
0.0583847
-0.117296
0.0836293
0.140241
0.0210341
0.141456
0.0197361
0.123303
0.0514588
0.148661
0.0577868
0.106367
0.0145088
0.064615
0.0502433
0.0773853
0.117136
0.0255496
0.1061
-0.0149264
0.0052238
0.106899
0.0727855
0.110605
0.0517622
0.0666721
0.0300224
0.0847546
0.116877
0.115058
0.0844736
-0.0502262
0.110342
0.107962
0.0634351
0.0245856
0.148185
0.0719175
0.149136
0.0799509
-0.0240648
0.131122
0.150321
0.0118739
0.152443
-0.0380773
0.106367
0.126096
0.0855966
0.0281107
0.0678433
0.0550858
0.0805189
0.115319
0.0601739
0.0637304
0.120489
0.14315
0.128617
0.0145088
0.0574875
0.120746
0.117913
0.148661
0.0363392
-0.0395355
0.0325594
0.00722831
0.0372794
0.0839109
0.0724964
0.101544
0.015821
-0.0611289
0.00321116
0.0145088
0.0790974
0.0649095
0.124067
0.0135224
0.0799509
0.0589819
-0.00800554
0.152913
0.109286
0.0704668
0.126349
0.128617
0.165592
0.100734
0.132865
0.113231
0.0095566
0.0425711
0.0906128
0.0574875
0.13162
-0.0687735
0.0666721
0.0684277
0.0478023
0.118171
0.020061
0.110078
0.144356
0.0517622
-0.118551
-0.0272657
0.0858769
0.117654
0.105567
0.0844736
0.116099
-0.0454079
0.0601739
0.0808026
0.117136
0.0819356
0.0745163
-0.00389773
0.0836293
0.109814
0.114276
0.0875546
0.0135224
0.132367
-0.0528384
0.0190858
0.134599
0.080235
0.131122
0.0416417
-0.0269091
0.0974792
0.0988386
0.0131932
0.126349
0.128114
0.0268319
0.128869
-0.0887421
-0.0166714
0.0154933
-0.0138824
0.0941979
0.0745163
0.132865
0.0598762
-0.211059
0.0325594
0.0468835
-0.0634114
0.086157
0.15502
0.112445
0.0687196
0.0075616
0.0265116
0.0669652
0.0663789
0.137063
0.150084
0.107696
-0.0319238
0.114537
-0.0237103
0.152208
-0.152071
-0.000499952
0.109814
0.114015
0.149847
0.1053
0.143392
-0.0402661
0.121515
0.100464
0.0963884
-0.0550872
-0.0362601
0.062252
0.0075616
0.147708
0.0145088
0.152913
0.0493294
-0.0237103
0.0350827
0.0654978
0.0281107
0.00722831
0.0643203
0.116877
0.0478023
0.0886693
0.0739401
0.130122
0.147231
0.0508515
-0.0276226
0.13187
0.111132
0.0799509
0.0917193
0.105567
0.0419517
-0.0847722
0.0216818
0.0719175
0.09911
0.0733632
0.110078
0.00656103
0.0468835
-0.0194755
0.106633
0.00689476
0.0830655
0.0589819
0.0203856
-0.0294105
0.114798
0.0619557
0.0181087
0.0660854
0.0911664
0.0360254
0.0431896
0.00186489
0.0813695
0.0928227
0.0933733
0.0813695
0.0867166
0.0496343
0.144837
0.0541818
0.0950207
0.0816526
-0.0258407
0.0450403
0.146275
0.133113
0.0428805
0.0955683
0.0431896
0.108492
0.0827833
0.0274717
0.072207
-0.0388059
0.101544
-0.0487392
0.0716277
0.107431
0.00722831
-0.0180716
0.150084
0.0652038
0.0827833
0.0941979
0.0844736
0.0353971
0.138289
0.045348
0.0556874
0.0604713
0.0462699
0.0988386
0.0148372
0.0972068
0.152913
0.0637304
0.109021
0.0681356
0.0810862
0.0529736
-0.00663257
0.0547847
0.0220053
0.0135224
0.0425711
-0.0565915
0.00589289
0.0538801
0.119203
0.158735
0.0941979
0.0930981
0.0428805
-0.155166
-0.149429
0.109286
0.114276
0.0649095
-0.0539617
0.103426
0.110342
0.0574875
-0.00458008
0.126096
0.0958419
0.0187603
0.0252285
0.103695
0.0693028
0.135587
0.03853
-0.025485
0.101813
0.0872755
0.0550858
-0.0322838
0.0550858
0.0930981
-0.0695437
0.0203856
0.0972068
0.0839109
0.080235
0.140485
0.0508515
0.0867166
0.112707
0.0822183
0.0604713
0.129872
0.118945
-0.0163219
-0.0971668
0.0906128
0.136326
-0.045039
0.0844736
0.0822183
-0.0431983
0.0607686
0.0993811
0.0450403
0.107431
0.0586835
0.105033
0.0785275
0.142183
0.0456555
0.0434986
-0.0683888
0.0825009
0.0586835
0.0649095
0.00253848
0.103963
0.0961152
0.126096
0.0108821
-0.00628989
0.0869961
0.135093
0.0544833
0.0785275
0.030658
0.130372
0.160117
0.0933733
0.140971
-0.167245
0.0925472
0.0988386
0.136817
0.147231
0.0598762
0.126349
0.0825009
-0.127402
0.117913
0.0736517
0.0325594
0.146275
-0.0230022
-0.048368
0.00856009
0.075379
0.0508515
0.113231
0.0271519
0.0538801
0.0643203
0.131371
0.0287488
0.0444243
0.0864369
0.0999228
0.119203
0.0872755
0.125843
0.039154
0.0698852
0.0847546
0.0514588
0.0112129
0.0481081
0.0952946
0.108492
0.0919954
-0.0135348
0.04719
-0.0769125
-0.113134
0.139266
-0.0208833
0.114537
0.09911
0.110605
0.000176879
-0.0907371
0.0154933
0.15432
0.113231
-0.0319238
0.0565884
0.0816526
0.129621
-0.0163219
0.0900585
0.104766
0.103695
0.0526711
0.0841923
0.0434986
0.0397772
0.0928227
-0.00355691
0.0372794
0.121771
0.102889
0.0947466
0.0138514
0.0869961
0.0836293
-0.106532
0.0643203
0.140971
-0.0664693
0.11192
0.132367
0.0844736
0.0529736
0.072207
0.109021
0.120232
0.112969
0.0643203
0.0203856
0.0303403
0.0190858
0.034768
0.0952946
-0.0577224
0.0690113
0.030658
0.03853
0.123048
0.0112129
0.0583847
0.133361
0.04719
-0.0505987
0.0919954
0.0268319
0.00354721
0.127863
0.132367
0.0203856
0.143874
0.115319
0.0168027
0.110342
0.0853161
0.0252285
0.136326
0.0669652
0.0164757
0.127107
0.0993811
0.140241
0.0825009
0.110342
0.0281107
0.117136
0.106367
0.128869
0.0742283
0.123558
0.102082
-0.0145782
0.0654978
0.0252285
0.0607686
0.13187
-0.080829
0.0303403
0.118171
0.0431896
0.104766
-0.117714
0.089781
0.0941979
0.146275
-0.0286946
-0.0131875
0.00789461
0.0583847
0.139998
-0.0479971
0.053276
0.0366528
0.019411
0.0357114
0.0517622
0.0565884
0.114798
0.0400884
0.0790974
0.0394657
-0.017371
0.11192
-0.0676202
0.0657917
0.0425711
0.0372794
0.105033
0.0574875
-0.0131875
0.1061
0.0669652
0.150084
0.103158
0.0447324
-0.0187731
0.0353971
0.0919954
-0.0373497
-0.0592338
0.0799509
0.127863
0.0745163
0.126349
0.124829
0.112183
0.115839
0.123048
0.124575
0.145557
0.030658
0.127359
0.148898
0.110605
0.118171
0.0669652
0.0441159
0.0993811
0.151973
0.103426
0.0290675
0.0972068
-0.0435659
0.0403995
0.0484137
0.0619557
0.115058
0.0886693
0.136326
0.125083
0.133857
0.109814
-0.0695437
0.0496343
-0.00492156
0.0303403
0.0226517
0.0675508
-0.0498541
-0.0279797
0.0538801
0.102082
0.104766
-0.000161443
0.09911
0.0657917
0.053276
0.0580859
0.102082
0.00321116
-0.0649383
0.0022018
0.076813
0.0628439
0.134104
0.0816526
0.0141802
0.0505474
0.0459628
0.0776711
0.155487
-0.11065
0.108757
0.130372
0.110605
0.0397772
0.00152771
0.0816526
0.0112129
0.0788125
0.0526711
0.128114
-0.0796513
0.0853161
0.0407104
0.086157
0.0559879
0.121259
0.0847546
0.00555843
0.0102198
0.0900585
0.0776711
-0.0745753
-0.0187731
0.0892255
0.0825009
0.00722831
0.109021
0.0858769
0.00889251
0.13162
-0.0417302
0.0456555
0.0303403
0.0974792
0.0850354
0.111658
0.0790974
0.0961152
0.0830655
0.103158
0.0977515
0.12937
0.116099
0.045348
0.106899
0.112445
0.125843
0.0422615
0.1061
0.0580859
0.137309
0.0883909
0.064615
0.0878336
0.116358
0.0242638
0.112707
0.102889
0.0663789
0.00354721
0.0634351
0.0242638
-0.00697548
0.0628439
0.0511552
0.0444243
0.0999228
0.143392
-0.100814
0.0996521
0.034768
0.0742283
0.0980235
0.123812
-0.0233561
0.0996521
0.0663789
0.0805189
-0.0703149
0.140728
0.110868
0.114798
0.154086

0.0833475
0.122282
0.053276
0.114276
-0.132945
0.154553
0.0886693
0.0164757
-0.127827
-0.0618887
0.110078
0.0963884
-0.0388059
-0.171774
0.0128637
0.0465768
-0.00458008
0.16964
-0.00560527
0.13534
0.0607686
0.103426
0.0556874
0.140485
0.0465768
0.120746
0.121771
0.089781
-0.00492156
0.132119
0.0325594
0.0589819
0.121515
0.0839109
0.113231
0.020061
0.144596
0.107431
0.107962
-0.0887421
0.0993811
0.0930981
0.0592802
-0.0749641
0.0993811
-0.0931401
0.109021
0.115579
0.119718
-0.053587
0.0793821
0.115058
0.115579
-0.0435659
0.0112129
0.0707573
0.0197361
-0.0592338
-0.0520908
0.0499389
-0.0761324
0.166044
0.0447324
0.0830655
0.165366
0.13608
0.0813695
0.00488893
0.114276
0.100734
0.120489
0.120232
0.0592802
0.0526711
0.137063
0.0095566
0.114015
0.140728
0.00388294
0.15103
0.0827833
-0.0859603
0.101004
0.141699
0.0148372
0.141456
0.0425711
0.130872
0.0799509
0.156186
0.0643203
0.103158
0.0331915
0.0628439
0.0782422
0.101274
0.121515
0.0604713
0.116358
-0.0391706
0.0022018
0.100734
0.0819356
0.138778
0.0613626
0.0855966
0.0550858
0.0996521
0.132367
0.117395
0.0933733
-0.0596123
0.116618
0.110078
0.0613626
0.0274717
0.162181
0.0698852
0.152913
0.1061
-0.0676202
0.135093
0.155487
0.000176879
0.137063
-0.0502262
0.0941979
0.127359
0.121259
0.0255496
0.086157
0.0447324
0.0833475
0.118687
0.109286
0.0678433
0.132865
0.151737
0.13187
0.0309754
0.0616592
0.117654
0.119975
0.161494
0.0559879
-0.0215886
0.0511552
0.00589289
0.0481081
0.112445
0.0559879
0.105033
0.0181087
-0.0618887
0.0052238
-0.00423879
0.0917193
0.0827833
0.139998
0.0297043
0.0858769
0.0906128
0.00388294
0.137799
0.108492
0.0858769
0.131122
0.13187
0.153851
0.111395
0.134352
0.120232
0.0335073
0.0604713
0.113754
0.0727855
0.143392
-0.0895393
0.0514588
0.0690113
0.0586835
0.118687
0.0484137
0.105567
0.135833
0.0799509
-0.120647
-0.00185632
0.105834
0.115839
0.112183
0.0980235
0.11192
-0.0607493
0.0450403
0.0825009
0.118429
0.114276
0.080235
0.0316096
0.0858769
0.124067
0.118687
0.117913
0.0151653
0.137799
-0.045777
0.0102198
0.134352
0.108492
0.142909
0.0203856
-0.0163219
0.076813
0.106367
0.0245856
0.124829
0.118945
0.0331915
0.139998
-0.0800436
-0.0251296
0.039154
-0.0308452
0.129872
0.0944723
0.126349
0.0598762
-0.212986
0.0450403
0.0468835
-0.0611289
0.111658
0.150793
0.130122
0.0438074
0.0255496
0.0303403
0.0739401
0.0793821
0.126602
0.140728
0.0939232
-0.0107627
0.115058
0.00421852
0.173859
-0.149868
0.0181087
0.120489
0.124321
0.150557
0.124067
0.139022
-0.00560527
0.127611
0.111658
0.132367
-0.0611289
-0.00321635
0.0827833
0.0335073
0.145317
0.0438074
0.142425
0.0556874
-0.00151688
0.0379051
0.0716277
0.0438074
-0.00253587
0.0933733
0.122538
0.0403995
0.111658
0.0529736
0.141699
0.136326
0.0565884
-0.00219596
0.121515
0.132865
0.089781
0.0930981
0.107962
0.0434986
-0.0907371
0.0171295
0.117654
0.0911664
0.0872755
0.127107
-0.00526329
0.0394657
-0.0184222
0.111658
0.0161484
0.0950207
0.0790974
0.0281107
-0.000499952
0.128114
0.0675508
0.00722831
0.0819356
0.120232
0.0450403
0.0724964
-0.00663257
0.0972068
0.0914429
0.0966614
0.102082
0.100734
0.0431896
0.151973
0.0813695
0.110605
0.104766
-0.00185632
0.0577868
0.159196
0.139022
0.0568883
0.108227
0.0710477
0.122026
0.0944723
0.0255496
0.0930981
-0.0269091
0.109021
-0.0340875
0.0947466
0.140241
-0.00492156
0.00988831
0.164912
0.0793821
0.0903357
0.112707
0.105033
0.0580859
0.140971
0.0499389
0.0580859
0.0822183
0.0375923
0.127863
0.0413314
0.0919954
0.14961
0.0914429
0.129872
0.0523683
0.089781
0.074804
0.00988831
0.0739401
0.0338227
0.0187603
0.03853
-0.045039
-0.00458008
0.0785275
0.11946
0.158504
0.119975
0.111658
0.0619557
-0.174964
-0.116462
0.112445
0.120232
0.0869961
-0.0645562
0.117913
0.122282
0.0428805
0.000852753
0.130372
0.130122
0.0316096
0.0319265
0.118687
0.0982954
0.135093
0.0341381
-0.0237103
0.105033
0.0985671
0.0583847
-0.0498541
0.0745163
0.0947466
-0.0891405
0.0249071
0.0993811
0.103963
0.0985671
0.13187
0.0520653
0.0883909
0.112969
0.0947466
0.0526711
0.144356
0.134104
-0.00321635
-0.121487
0.104498
0.128366
-0.044302
0.112445
0.105033
-0.020531
0.0756662
0.110078
0.0681356
0.10955
0.0487192
0.136817
0.0745163
0.135587
0.0490244
0.0577868
-0.0494822
0.09911
0.0462699
0.0908897
0.0213581
0.103695
0.116099
0.130872
0.030658
-0.00117766
0.111658
0.138289
0.076813
0.106633
0.0577868
0.146036
0.144596
0.0900585
0.138289
-0.19067
0.126602
0.0941979
0.144115
0.144837
0.0993811
0.120232
0.089781
-0.125283
0.119975
0.0816526
0.0125339
0.143633
-0.0461464
-0.0812222
0.030658
0.0908897
0.0903357
0.119975
0.0300224
0.0819356
0.0895034
0.140728
0.0434986
0.0484137
0.0875546
0.0961152
0.127107
0.0933733
0.130622
0.0375923
0.0796666
0.0974792
0.0710477
0.0245856
0.0520653
0.112183
0.133857
0.0996521
-0.0170211
0.0363392
-0.0653206
-0.115628
0.154787
-0.0272657
0.124067
0.10423
0.0952946
0.0287488
-0.0683888
0.00722831
0.153383
0.125336
-0.0269091
0.0649095
0.0917193
0.13951
0.019411
0.105033
0.130122
0.116358
0.0878336
0.0939232
0.0544833
0.0583847
0.0969342
0.0428805
0.0459628
0.121515
0.117654
0.130622
0.0223286
0.0985671
0.0939232
-0.104075
0.0961152
0.134599
-0.0498541
0.117395
0.115839
0.103695
0.0900585
0.105033
0.113754
0.121002
0.11946
0.0713378
0.0135224
0.0450403
0.0141802
0.0268319
0.105033
-0.0630303
0.0773853
0.0161484
0.0643203
0.122538
0.0171295
0.0750916
0.142425
0.064615
-0.0509713
0.102082
0.0419517
0.0319265
0.132616
0.148423
0.0281107
0.144837
0.127359
0.0541818
0.114276
0.0875546
0.0341381
0.119975
0.0756662
0.0226517
0.135833
0.117395
0.130872
0.1061
0.10955
0.0450403
0.123048
0.112445
0.125083
0.0759532
0.139998
0.106899
-0.00663257
0.0628439
0.0372794
0.0535781
0.134104
-0.0839814
0.0268319
0.133361
0.0499389
0.122026
-0.119807
0.117136
0.1053
0.147947
-0.0145782
0.0271519
-0.00219596
0.0574875
0.146275
-0.0502262
0.0462699
0.0529736
0.0232972
0.0565884
0.0649095
0.0577868
0.139998
0.0538801
0.0914429
0.0388421
-0.00219596
0.121771
-0.0454079
0.102352
0.0413314
0.0484137
0.102352
0.0710477
0.00689476
0.107696
0.0782422
0.157347
0.110342
0.0756662
0.00789461
0.0338227
0.101004
-0.0265527
-0.0399007
0.0607686
0.120489
0.0750916
0.117913
0.104766
0.121259
0.12912
0.120746
0.130372
0.13608
0.0643203
0.117136
0.149373
0.10955
0.142425
0.0759532
0.0822183
0.107165
0.134104
0.101274
0.0357114
0.100734
-0.0244195
0.0508515
0.0425711
0.0825009
0.13534
0.109814
0.14315
0.138533
0.121002
0.111132
-0.0718604
0.0657917
-0.00869345
0.0379051
0.00988831
0.0544833
-0.0498541
-0.0135348
0.0672581
0.111132
0.101544
-0.0319238
0.117395
0.0759532
0.0782422
0.0616592
0.112183
0.0325594
-0.0871509
-0.0219417
0.0933733
0.0505474
0.120489
0.0847546
0.0151653
0.0830655
0.0350827
0.0779568
0.151973
-0.129528
0.116618
0.122282
0.115839
0.062252
-0.00423879
0.0941979
0.0216818
0.0950207
0.0580859
0.130622
-0.0599911
0.103963
0.0517622
0.0886693
0.0425711
0.115579
0.0966614
0.0168027
0.0268319
0.111395
0.0872755
-0.0509713
-0.020179
0.107962
0.105567
-0.00800554
0.121259
0.0889475
0.00388294
0.120746
-0.0369863
0.0625481
0.0319265
0.0799509
0.0980235
0.114015
0.0825009
0.0963884
0.0985671
0.121515
0.116877
0.120746
0.120489
0.0586835
0.086157
0.114276
0.125336
0.0369662
0.10955
0.0649095
0.141941
0.0958419
0.0895034
0.0759532
0.126096
0.0187603
0.10423
0.125336
0.0906128
0.0154933
0.0733632
0.0105511
-0.00526329
0.0816526
0.0535781
0.0177825
0.125336
0.161494
-0.0843767
0.115058
0.0514588
0.103963
0.112707
0.125083
-0.0272657
0.109814
0.057188
0.0867166
-0.045777
0.145317
0.126854
0.110078
0.150084

