0.119531
0.164209
0.137261
0.235117
0.23024
0.116044
0.239907
0.212451
0.190462
0.185646
0.0986877
0.259904
0.072223
0.123515
0.212451
0.229102
0.219821
0.102611
0.156824
0.158026
0.135475
0.103447
0.252027
0.244251
0.208999
0.227385
0.253242
0.247461
0.239907
0.259398
0.133936
0.223726
0.0566352
0.108974
0.241726
0.267694
0.0887084
0.227194
0.152462
0.211845
0.234373
0.269804
0.137515
0.0846476
0.182096
0.143569
0.0333298
0.122722
0.203016
0.041124
0.142818
0.201135
0.201135
0.116583
0.0462477
0.0799576
0.257704
0.212451
0.18165
0.163738
0.032018
0.0938712
0.0998126
0.0967113
0.156824
0.112797
0.10539
0.0878416
0.0572571
0.0159853
0.0372433
0.196698
0.22041
0.185204
0.214662
0.199663
0.242991
0.0679994
0.195845
0.183876
0.194562
0.209204
0.144569
0.00394959
0.194133
0.141311
0.15124
0.24993
0.110617
0.100093
0.178506
0.0359425
0.179857
0.174191
0.204679
0.112797
0.0622006
0.134193
0.0858119
0.0197073
0.127719
0.00983246
-0.0173834
0.0427313
-0.117038
-0.227161
-0.165156
0.00707279
-0.00731619
-0.0499564
-0.0573386
-0.0561664
0.145067
0.216458
0.198819
0.157786
0.138278
0.0749163
0.201135
0.227959
0.139292
0.250281
0.202808
0.252027
0.166089
0.269481
0.0731227
0.00534014
0.00741859
0.0761079
-0.0480301
0.201763
0.0805467
0.211845
0.091011
0.160179
0.243532
0.154407
0.212047
0.197548
0.0584982
0.0273975
0.206332
0.121926
0.0513141
0.159941
0.250106
0.195204
0.248169
0.130322
0.105667
0.135986
0.233813
0.212249
0.22256
0.213257
0.161844
0.202808
0.135986
0.194776
-0.0105305
-0.0565569
-0.182174
0.102332
0.0716222
0.00429762
0.0197073
-0.0235929
0.0612779
0.0449721
-0.160504
-0.161896
0.0378924
-0.143574
-0.0366128
0.142317
0.123779
0.145814
0.144569
-0.0159331
0.0947253
0.0686053
0.0349645
-0.13505
-0.127079
-0.123568
0.217055
-0.0243284
-0.0974371
0.0764053
0.0283914
0.0112065
-0.000245449
0.00603393
0.027729
0.00707279
0.101774
0.0950096
0.0861025
0.0778891
-0.162361
0.0560125
0.0404795
0.112525
0.0698146
0.0746179
-0.153588
0.0640402
0.00948835
0.0805467
0.0631214
0.046566
0.0509991

0.127196
0.163265
0.145316
0.245325
0.23024
0.12113
0.231373
0.226427
0.193488
0.192411
0.104559
0.276019
0.0872627
0.133422
0.233626
0.249579
0.235303
0.103447
0.178055
0.167726
0.133679
0.129283
0.266386
0.253761
0.229102
0.240636
0.26573
0.263583
0.248699
0.279296
0.144818
0.237707
0.0676961
0.145565
0.250631
0.267531
0.0618933
0.244251
0.163265
0.214862
0.241544
0.276019
0.143569
0.107324
0.189374
0.158266
0.0401569
0.139039
0.203641
0.0503685
0.135219
0.220998
0.218836
0.131358
0.0575677
0.0861025
0.278209
0.221194
0.170512
0.163974
0.0227313
0.0826022
0.105944
0.0961449
0.169586
0.107599
0.10289
0.0831876
0.086683
0.0234007
0.0430521
0.192626
0.230996
0.180531
0.210832
0.200715
0.248875
0.0793676
0.203849
0.189592
0.209408
0.21144
0.138785
0.0108633
0.19499
0.156342
0.136496
0.254968
0.117926
0.0887084
0.193058
0.0491046
0.187406
0.198607
0.211237
0.11007
0.0764053
0.166323
0.0995317
0.0382166
0.151973
0.00810947
0.0227313
0.0716222
-0.101223
-0.247337
-0.167494
0.0257363
0.0101763
-0.0105305
-0.0243284
-0.0177467
0.144818
0.215262
0.205714
0.154407
0.145316
0.070418
0.202391
0.235303
0.125623
0.258891
0.202182
0.250631
0.168657
0.277273
0.067089
-0.0269104
0.0217254
0.114694
-0.0499564
0.204057
0.081135
0.221975
0.0875523
0.16468
0.244789
0.169354
0.21144
0.207772
0.0799576
0.0440132
0.212249
0.142818
0.0475196
0.165855
0.266714
0.196272
0.248699
0.13445
0.122457
0.138278
0.254624
0.229102
0.246039
0.237891
0.170974
0.205507
0.121661
0.206744
-0.0217589
-0.0703964
-0.176454
0.12798
0.0975595
0.0541391
0.0525719
0.00776419
0.103447
0.0820159
-0.161432
-0.160504
0.072823
-0.156806
-0.0422914
0.163738
0.15124
0.15465
0.156101
-0.0105305
0.10815
0.102611
0.0528857
-0.114877
-0.118339
-0.0999581
0.210629
-0.0239605
-0.104183
0.0790723
0.0163249
0.00464537
-0.00483014
0.00879941
0.027729
0.00534014
0.116044
0.0998126
0.0820159
0.0852302
-0.13327
0.0597358
0.0378924
0.114694
0.0640402
0.0737214
-0.171252
0.066785
0.0190327
0.0796627
0.0606617
0.0427313
0.0522578

0.1311
0.187844
0.168424
0.257534
0.240636
0.119531
0.243712
0.22392
0.193488
0.206744
0.117926
0.280993
0.101214
0.157305
0.234745
0.24263
0.2366
0.121395
0.167492
0.180979
0.158506
0.115235
0.264741
0.26802
0.240818
0.250806
0.273649
0.262585
0.24993
0.281453
0.176242
0.230429
0.0998126
0.13445
0.259398
0.280839
0.0769994
0.255483
0.163502
0.227002
0.23623
0.278831
0.164445
0.0986877
0.190896
0.176015
0.0572571
0.163974
0.203016
0.0622006
0.154407
0.227194
0.227768
0.141563
0.066785
0.0855212
0.27649
0.231185
0.19691
0.178506
0.0227313
0.110344
0.127457
0.119531
0.174419
0.12798
0.119798
0.118729
0.0950096
0.0227313
0.0414459
0.208795
0.247461
0.20592
0.235674
0.210426
0.262918
0.108425
0.22392
0.190462
0.208999
0.236785
0.159463
0.00707279
0.221975
0.161844
0.158985
0.267368
0.135475
0.107324
0.201763
0.0661765
0.184319
0.19903
0.212249
0.133936
0.0975595
0.165151
0.0852302
0.0634279
0.153679
0.0264014
-0.0037684
0.0698146
-0.102913
-0.23331
-0.142221
0.0173421
0.0176807
-0.00447598
-0.0105305
-0.0137653
0.172816
0.226043
0.212249
0.169818
0.15465
0.0778891
0.210832
0.241363
0.138278
0.262085
0.225273
0.252722
0.170049
0.280069
0.086683
0.0129186
0.041124
0.0986877
-0.0155712
0.227194
0.105944
0.238992
0.0858119
0.18165
0.260577
0.167259
0.236045
0.217451
0.0858119
0.0600447
0.23586
0.148537
0.0227313
0.173046
0.278364
0.204679
0.256682
0.151973
0.127196
0.146806
0.269642
0.237154
0.248522
0.247638
0.178506
0.202808
0.136751
0.208386
-0.00165166
-0.0679997
-0.163757
0.142818
0.0944408
0.0417676
0.0560125
0.014284
0.101774
0.0846476
-0.172667
-0.180262
0.0625077
-0.174084
-0.0239605
0.164209
0.153192
0.157305
0.168424
0.00394959
0.126148
0.0967113
0.0805467
-0.123568
-0.122693
-0.102913
0.213659
-0.0195666
-0.0978566
0.0772962
0.024403
0.0197073
0.00080664
0.00776419
0.030373
-0.00767234
0.112253
0.0933008
0.0840642
0.0743193
-0.142221
0.0683025
0.0356167
0.117926
0.0550768
0.0695126
-0.165156
0.0737214
0.0186951
0.0746179
0.0588079
0.0584982
0.0506839

0.119264
0.166791
0.165855
0.249754
0.227194
0.0995317
0.239541
0.219821
0.169586
0.175788
0.102053
0.264245
0.0769994
0.142818
0.225658
0.240271
0.218836
0.114965
0.15124
0.158266
0.130581
0.0924437
0.253761
0.246929
0.226427
0.240271
0.262252
0.258383
0.243892
0.273012
0.142568
0.226235
0.0612779
0.109248
0.247992
0.278986
0.0646517
0.237707
0.158266
0.215661
0.232314
0.27349
0.146062
0.0881308
0.182987
0.144818
0.039511
0.157065
0.19776
0.0538261
0.136241
0.21923
0.217055
0.13573
0.0424103
0.0769994
0.271735
0.217253
0.169818
0.162082
0.0159853
0.0863928
0.104559
0.102332
0.170281
0.116313
0.105113
0.0930153
0.0881308
0.00360135
0.0270657
0.205093
0.225658
0.191113
0.217253
0.198819
0.249403
0.0787768
0.20592
0.180306
0.198184
0.224694
0.134963
-0.000596631
0.197548
0.157546
0.141059
0.256169
0.112797
0.0820159
0.19499
0.0385405
0.184983
0.191979
0.189592
0.109248
0.0401569
0.155134
0.0961449
0.0237351
0.146558
0.014284
-0.00909944
0.0673927
-0.106307
-0.24159
-0.160968
0.0339844
0.0170032
-0.00553919
-0.0152095
-0.00874228
0.146558
0.212652
0.200715
0.141814
0.126934
0.0652622
0.204679
0.233626
0.122192
0.255483
0.209815
0.253242
0.159702
0.269642
0.0701164
0.0115494
0.0159853
0.100934
-0.0573386
0.216458
0.0679994
0.215062
0.084939
0.163265
0.242269
0.172127
0.214662
0.21144
0.0664809
0.030373
0.207566
0.120331
0.0430521
0.152218
0.259904
0.184541
0.241726
0.138278
0.105667
0.144319
0.253934
0.213458
0.243712
0.233626
0.175332
0.19691
0.124307
0.196058
-0.0224917
-0.0660102
-0.195224
0.138531
0.112525
0.0799576
0.0701164
0.00603393
0.113069
0.0805467
-0.167963
-0.163291
0.0793676
-0.148107
-0.0441976
0.159224
0.144818
0.152949
0.160894
-0.0123251
0.126672
0.0978418
0.0713214
-0.14132
-0.117905
-0.116173
0.213659
-0.0445796
-0.0957624
0.0769994
-0.0037684
-0.00553919
-0.00696028
0.00534014
0.0156455
-0.00802875
0.102053
0.0898614
0.0731227
0.0640402
-0.132382
0.044333
0.0210537
0.101214
0.0609699
0.0531994
-0.152671
0.0588079
0.0200443
0.0758103
0.0646517
0.032018
0.0491046

0.115774
0.184098
0.165385
0.251155
0.236785
0.13777
0.25514
0.223144
0.178055
0.207156
0.114424
0.277273
0.0955777
0.155376
0.230051
0.246929
0.236415
0.115774
0.162556
0.180979
0.154892
0.105113
0.263749
0.266714
0.23586
0.243712
0.271253
0.276333
0.25133
0.276804
0.156583
0.235303
0.0930153
0.139545
0.259229
0.271093
0.070418
0.24993
0.157305
0.234
0.235117
0.27696
0.143569
0.120864
0.185866
0.171896
0.0550768
0.138785
0.195632
0.0581883
0.160179
0.224887
0.222949
0.150505
0.0503685
0.10539
0.28176
0.233252
0.205714
0.174191
0.00325291
0.111163
0.116583
0.113882
0.169122
0.136241
0.126148
0.117657
0.0814288
0.0149652
0.0503685
0.204264
0.230429
0.182096
0.216657
0.208181
0.254968
0.0927296
0.203433
0.190244
0.203433
0.233813
0.170743
-0.0213929
0.21144
0.171436
0.172357
0.260913
0.129283
0.106496
0.205714
0.0414459
0.19691
0.19499
0.209204
0.141563
0.0719227
0.150505
0.086973
0.0569463
0.154165
0.0118921
-0.0295052
0.0513141
-0.105882
-0.255246
-0.159115
0.026069
0.00983246
-0.0101724
-0.0224917
-0.0269104
0.172127
0.218639
0.205093
0.180306
0.133679
0.0984059
0.214662
0.239541
0.145565
0.261416
0.216259
0.249579
0.182987
0.265894
0.0831876
0.00776419
0.0273975
0.0814288
-0.0511155
0.21923
0.107324
0.225273
0.0986877
0.179632
0.254796
0.185866
0.220802
0.219427
0.0907239
0.0525719
0.216259
0.145067
0.0522578
0.160656
0.269319
0.215462
0.259398
0.161844
0.114965
0.131617
0.263251
0.240271
0.248169
0.243352
0.160894
0.203016
0.141563
0.191113
-0.0221252
-0.0411509
-0.189877
0.114965
0.0802522
0.0287223
0.0446527
-0.00483014
0.0855212
0.0560125
-0.182174
-0.184572
0.0494209
-0.144026
-0.0287625
0.151729
0.136496
0.14903
0.153679
-0.00483014
0.10289
0.0749163
0.056324
-0.113584
-0.162361
-0.127519
0.233813
-0.0287625
-0.0829415
0.0737214
0.0166642
0.00879941
-0.0173834
-0.00624925
0.0125766
-0.000596631
0.10539
0.0716222
0.0609699
0.0772962
-0.172667
0.0569463
0.0449721
0.113882
0.072223
0.067089
-0.165623
0.041124
-0.0130447
0.0769994
0.0734222
0.0424103
0.0692104

0.116313
0.18321
0.166089
0.263914
0.241
0.130322
0.250106
0.229671
0.193918
0.212249
0.124834
0.279451
0.108425
0.15465
0.231185
0.248875
0.242269
0.109522
0.169122
0.168889
0.160179
0.11007
0.270127
0.264741
0.245861
0.239359
0.270932
0.275704
0.252375
0.282066
0.165385
0.236415
0.0796627
0.136751
0.260409
0.282829
0.0566352
0.242088
0.144569
0.232126
0.246751
0.281453
0.141311
0.113611
0.189809
0.171896
0.0603533
0.132907
0.19903
0.049737
0.148291
0.226043
0.230051
0.142568
0.0594267
0.116852
0.284499
0.236415
0.201554
0.165855
0.00948835
0.0998126
0.107599
0.101774
0.16137
0.120331
0.111436
0.101214
0.0775927
0.0297134
0.0404795
0.201135
0.241726
0.178506
0.218243
0.206332
0.262752
0.088997
0.209612
0.188937
0.213458
0.220017
0.159702
-0.0195666
0.22834
0.165151
0.16137
0.26802
0.139798
0.111436
0.218441
0.0547644
0.192411
0.19903
0.213055
0.128502
0.0755125
0.146806
0.0746179
0.0513141
0.153436
0.00150679
0.00638046
0.0749163
-0.0978566
-0.23434
-0.161896
0.039511
0.0018565
0.00220596
-0.00802875
0.00879941
0.170281
0.226811
0.223532
0.171205
0.156101
0.0817225
0.210832
0.245861
0.135219
0.26408
0.222949
0.261918
0.168889
0.28176
0.0861025
0.00845458
0.0388643
0.114694
-0.0199313
0.22178
0.0938712
0.238626
0.10289
0.178281
0.263417
0.173733
0.222949
0.208999
0.0790723
0.0679994
0.222365
0.147549
0.0764053
0.15124
0.271895
0.208181
0.263914
0.148784
0.114153
0.13445
0.269481
0.237523
0.254279
0.246039
0.164445
0.203433
0.114965
0.208591
-0.000948039
-0.0573386
-0.182653
0.135475
0.107875
0.0433727
0.0382166
-0.0336086
0.112525
0.0915847
-0.187944
-0.187944
0.0775927
-0.139074
-0.0384991
0.155859
0.148291
0.153192
0.158745
-0.0166578
0.132392
0.109796
0.0673927
-0.124444
-0.136835
-0.120077
0.2053
-0.0213929
-0.0936756
0.064346
0.0300434
0.00220596
-0.00306184
0.00879941
0.0190327
-0.0123251
0.10815
0.0863928
0.0787768
0.0544519
-0.180262
0.037568
0.0264014
0.111436
0.0686053
0.0698146
-0.161432
0.0631214
-0.0144869
0.0787768
0.0544519
0.0326744
0.048788

0.14005
0.185204
0.158506
0.262918
0.241907
0.12457
0.251155
0.218046
0.191113
0.209408
0.125623
0.278986
0.105667
0.160418
0.22178
0.244789
0.237339
0.105113
0.167025
0.170974
0.178957
0.0998126
0.252722
0.26867
0.231938
0.256511
0.276019
0.271574
0.255483
0.284197
0.166323
0.230429
0.0878416
0.131617
0.253934
0.279605
0.0698146
0.252201
0.146558
0.235303
0.232877
0.2746
0.142065
0.10289
0.169586
0.174191
0.0683025
0.140303
0.194347
0.066785
0.157065
0.211845
0.208591
0.137006
0.0719227
0.0840642
0.282829
0.238809
0.19499
0.173504
0.0176807
0.10539
0.104003
0.103169
0.163974
0.138024
0.13265
0.122986
0.0950096
0.0200443
0.0352907
0.209204
0.240089
0.194562
0.227385
0.206332
0.259229
0.0989692
0.208591
0.190244
0.210629
0.238075
0.14382
-0.0159331
0.220802
0.160894
0.151973
0.274758
0.125097
0.122457
0.210426
0.047202
0.188501
0.203433
0.205507
0.138531
0.0743193
0.151729
0.0967113
0.0597358
0.132907
0.0293832
-0.0137653
0.0622006
-0.111434
-0.239512
-0.171723
0.0166642
-0.00981447
-0.0287625
-0.0445796
-0.0392554
0.183654
0.233065
0.213257
0.178055
0.137261
0.0761079
0.219821
0.252027
0.133422
0.270127
0.215262
0.253934
0.188282
0.278209
0.0901491
0.00603393
0.0391878
0.084356
-0.0503425
0.227385
0.114965
0.235674
0.0967113
0.185204
0.260745
0.171436
0.226427
0.222949
0.0961449
0.0581883
0.210629
0.151729
0.0500529
0.174876
0.273331
0.206744
0.252201
0.160894
0.116583
0.141059
0.266223
0.234931
0.247106
0.237339
0.159702
0.193058
0.125097
0.190244
0.0170032
-0.0549967
-0.183612
0.109522
0.0686053
0.0112065
0.0519434
0.00325291
0.0793676
0.0494209
-0.158653
-0.159578
0.0475196
-0.156346
-0.0258023
0.155376
0.13573
0.15465
0.162792
-0.0213929
0.104559
0.0887084
0.0491046
-0.144931
-0.123568
-0.113584
0.216259
-0.0295052
-0.086635
0.0740205
0.0316895
0.0115494
-0.00874228
-0.00447598
0.0122345
-0.014126
0.0935861
0.0775927
0.0692104
0.0649571
-0.160041
0.0513141
0.0197073
0.104281
0.0612779
0.0743193
-0.168901
0.064346
0.00255517
0.068908
0.0560125
0.0339844
0.0484712

0.124043
0.182319
0.163029
0.246929
0.239907
0.120331
0.24993
0.217055
0.188282
0.203225
0.120065
0.277585
0.098124
0.147797
0.226811
0.244609
0.239359
0.0998126
0.165385
0.162082
0.156342
0.11007
0.26408
0.270449
0.248699
0.250281
0.278209
0.28176
0.25634
0.284197
0.165385
0.239907
0.0761079
0.118461
0.262752
0.28359
0.0898614
0.253415
0.158266
0.241907
0.244071
0.286457
0.13777
0.084939
0.19776
0.169586
0.039511
0.132392
0.207361
0.0398341
0.147054
0.226427
0.219427
0.135219
0.0557008
0.0855212
0.28795
0.226811
0.189374
0.178506
0.0213897
0.0826022
0.10539
0.0995317
0.165151
0.108974
0.104281
0.0898614
0.072823
0.00325291
0.0237351
0.220606
0.238992
0.196272
0.230807
0.22041
0.255483
0.105113
0.21386
0.188282
0.216458
0.227385
0.160179
-0.00483014
0.217451
0.168424
0.15465
0.256682
0.130322
0.097277
0.215062
0.0535129
0.201973
0.193703
0.208591
0.129803
0.080841
0.158026
0.110344
0.0427313
0.138024
0.00429762
-0.0037684
0.0550768
-0.118339
-0.227161
-0.177879
-0.000596631
-0.00802875
-0.0592977
-0.0683985
-0.0549967
0.163974
0.229671
0.212854
0.159702
0.155859
0.0701164
0.223338
0.249051
0.136751
0.258553
0.221389
0.259398
0.169122
0.280377
0.082895
0.00948835
0.0166642
0.0907239
-0.0660102
0.214261
0.0823091
0.226811
0.086973
0.174648
0.253242
0.173504
0.230618
0.210222
0.082895
0.0631214
0.2245
0.138278
0.0153055
0.176696
0.272055
0.194347
0.255483
0.147549
0.118461
0.150014
0.267368
0.241726
0.259398
0.251853
0.160179
0.221194
0.134193
0.203433
-0.010889
-0.0911811
-0.195712
0.108425
0.0719227
0.0213897
0.0522578
0.00810947
0.086683
0.0553889
-0.163291
-0.162361
0.0468841
-0.158191
-0.0487998
0.155134
0.145814
0.158985
0.159224
-0.0276505
0.116583
0.086683
0.0544519
-0.116173
-0.130167
-0.126639
0.224887
-0.0243284
-0.0728033
0.0781852
0.024403
0.0125766
-0.00838538
-0.00553919
0.0250701
-0.0162953
0.107875
0.0938712
0.084939
0.0796627
-0.153588
0.0516289
0.0525719
0.116852
0.0787768
0.0713214
-0.13773
0.0673927
0.0125766
0.0823091
0.0686053
0.0491046
0.0673927

0.139039
0.182542
0.153679
0.252201
0.235674
0.108425
0.248169
0.21606
0.183876
0.198819
0.113611
0.280377
0.0796627
0.14903
0.224113
0.234
0.241181
0.119264
0.180755
0.158506
0.146558
0.106772
0.272055
0.267857
0.242811
0.24443
0.258722
0.265894
0.248875
0.277117
0.164445
0.224113
0.066785
0.113069
0.269642
0.284953
0.0855212
0.253588
0.165385
0.237523
0.234186
0.281453
0.155134
0.116044
0.20592
0.178055
0.0649571
0.152949
0.213659
0.0618933
0.146558
0.227577
0.226619
0.140807
0.0584982
0.0907239
0.27696
0.234745
0.193918
0.18165
0.020381
0.0998126
0.107599
0.108425
0.180306
0.112525
0.112525
0.102611
0.0826022
0.00255517
0.0385405
0.204679
0.231185
0.184098
0.216458
0.206126
0.259904
0.0938712
0.213659
0.186967
0.200925
0.225465
0.160418
0.013943
0.21144
0.149522
0.145565
0.260073
0.124043
0.0884197
0.196058
0.0401569
0.180979
0.181202
0.212451
0.127719
0.0761079
0.14903
0.0967113
0.046566
0.155134
-0.00306184
-0.00696028
0.0622006
-0.100801
-0.240031
-0.145837
0.0223963
0.0146247
-0.0213929
-0.0373665
-0.0199313
0.158026
0.221389
0.2053
0.158266
0.126672
0.0805467
0.208386
0.237707
0.139798
0.261751
0.214662
0.253934
0.177603
0.278675
0.0752145
-0.0202963
0.020381
0.0955777
-0.0362364
0.21765
0.0978418
0.23024
0.0881308
0.168192
0.247638
0.153922
0.224694
0.216856
0.0781852
0.0330023
0.216856
0.149276
0.0494209
0.175788
0.25906
0.196485
0.263251
0.141059
0.119531
0.137006
0.258722
0.240454
0.246573
0.243532
0.171896
0.21923
0.139798
0.205093
0.00325291
-0.0703964
-0.185053
0.108974
0.0716222
0.0293832
0.0401569
-0.00838538
0.0846476
0.0710205
-0.174558
-0.176454
0.0707193
-0.154047
-0.0487998
0.153192
0.138531
0.142065
0.142317
-0.000596631
0.0978418
0.0935861
0.0594267
-0.116605
-0.137282
-0.126199
0.226235
-0.0351086
-0.10249
0.0749163
0.0273975
0.00115684
-0.0258023
-0.00412206
0.0297134
0.0018565
0.109522
0.091011
0.0769994
0.064346
-0.144931
0.0440132
0.0264014
0.105667
0.0535129
0.0584982
-0.174558
0.0649571
0.00776419
0.0646517
0.0528857
0.0391878
0.047202

0.110344
0.172357
0.156824
0.264906
0.245683
0.127196
0.244609
0.21765
0.187844
0.198819
0.11712
0.274125
0.100654
0.154407
0.219427
0.236415
0.229482
0.0978418
0.162082
0.163265
0.16137
0.0935861
0.263251
0.25906
0.247815
0.249579
0.272374
0.270449
0.229671
0.272374
0.157065
0.225273
0.080841
0.120597
0.251155
0.274125
0.0746179
0.244968
0.148784
0.227577
0.228149
0.27976
0.135475
0.111708
0.188063
0.159463
0.0452914
0.146062
0.208795
0.039511
0.14382
0.22585
0.226811
0.140303
0.0566352
0.0930153
0.2746
0.229292
0.198396
0.175104
0.0213897
0.0924437
0.111436
0.106772
0.167025
0.118997
0.112797
0.101494
0.0837722
0.00290414
0.0336572
0.191546
0.231373
0.188282
0.213257
0.20592
0.253242
0.0852302
0.208386
0.182319
0.198184
0.228531
0.162082
-0.0101724
0.22392
0.158745
0.160656
0.263084
0.113882
0.109248
0.21144
0.043693
0.194562
0.19499
0.211845
0.122722
0.0734222
0.155376
0.0904366
0.0525719
0.146806
0.00707279
-0.0321128
0.0440132
-0.0915961
-0.243153
-0.16937
0.0227313
-0.00306184
-0.0246964
-0.0384991
-0.00802875
0.170049
0.230618
0.215262
0.171436
0.139292
0.0875523
0.217253
0.243892
0.144069
0.268508
0.220802
0.261249
0.174648
0.277741
0.080841
-0.00129974
0.0200443
0.0967113
-0.0287625
0.228721
0.0814288
0.233626
0.0998126
0.177376
0.262085
0.158506
0.211642
0.223532
0.0805467
0.0550768
0.227194
0.148291
0.0566352
0.178957
0.271414
0.201344
0.249579
0.150014
0.114694
0.133422
0.253415
0.233626
0.252201
0.246039
0.160894
0.204679
0.121926
0.201554
-0.00306184
-0.0569476
-0.168431
0.137006
0.0944408
0.0280603
0.0475196
-0.0246964
0.104836
0.0852302
-0.171723
-0.17031
0.068908
-0.131938
-0.0269104
0.167492
0.15026
0.157546
0.162792
-0.0265408
0.103725
0.0969943
0.0427313
-0.135496
-0.110149
-0.106307
0.226235
-0.0306212
-0.0932591
0.0823091
0.0230661
0.00499287
-0.0037684
0.000105507
0.0166642
-0.0162953
0.108974
0.0826022
0.0784811
0.0572571
-0.158653
0.0459291
0.0352907
0.104836
0.0731227
0.0772962
-0.142221
0.0557008
0.00672674
0.0820159
0.0594267
0.0372433
0.0550768

