0.0678374
0.117577
0.0150922
0.111827
-0.0813016
0.119189
0.0907582
-0.0152367
-0.0785299
-0.0402755
0.086193
0.0361
-0.0310154
-0.107864
0.0453816
0.0132361
0.0327174
0.114229
0.0167938
0.130593
0.0689492
0.0812918
0.0282443
0.0922862
0.00629161
0.0730489
0.0938069
0.118963
-0.0469706
0.102783
0.0618395
0.0683046
0.110261
0.0652374
0.0769259
0.0620997
0.0689134
0.0649227
0.104441
-0.0497809
0.0855126
0.0692231
0.0641625
-0.0615755
0.0835279
-0.0593485
0.102847
0.120776
0.0977213
-0.0542181
0.0890674
0.117124
0.0986838
-0.0100237
0.0388146
0.0866803
0.0181889
-0.0119168
-0.0445265
0.0557511
-0.0587478
0.115063
0.0290079
0.0879099
0.111109
0.123565
0.0864435
0.0134868
0.102993
0.0979839
0.122563
0.0988098
-0.0065802
0.0779579
0.126491
-0.0137166
0.0638943
0.107769
0.0056093
0.132522
0.0722946
-0.0709596
0.0805375
0.110077
0.0107555
0.13532
-0.0435773
0.135349
-0.00620349
0.125336
0.0772683
0.102797
0.0375548
0.0649036
0.0833536
0.0897822
0.12223
0.0764075
0.0849164
0.00197387
0.032867
0.0846777
0.0744153
0.123681
0.0727213
0.107698
0.0418922
0.101637
0.110372
0.0986329
0.0878275
-0.0059472
0.112318
0.0895093
0.0564306
0.0361739
0.121394
0.065742
0.118172
0.0957431
-0.0262668
0.09547
0.137135
0.0422055
0.116424
-0.0161684
0.103696
0.115038
0.102689
0.0226398
0.0735592
0.0388079
0.0803916
0.0784086
0.112086
0.10011
0.121248
0.114476
0.104097
0.0420053
0.0618615
0.0955675
0.120566
0.0911386
0.0429851
0.0233232
0.0319336
0.0514434
0.0528762
0.121532
0.0668442
0.0906281
0.0122875
0.00746759
0.0105933
0.012946
0.10122
0.109574
0.134518
-0.0681599
0.0724968
0.0680517
0.0366381
0.138027
0.0871459
0.0812091
0.112382
0.114418
0.126446
0.110764
0.107851
0.106679
0.00846555
0.0533346
0.110604
0.0355049
0.103891
-0.032635
0.0579443
0.062666
0.0795975
0.103117
0.0097399
0.091688
0.112219
0.0506044
-0.0628722
0.0204515
0.0745386
0.105691
0.0988302
0.0701271
0.0858141
-0.0940291
0.0625468
0.0686908
0.105652
0.0983295
0.0871228
0.0412805
0.0901297
0.105345
0.105148
0.119132
0.0394505
0.11133
-0.0172998
0.0185405
0.128596
0.0654312
0.126282
0.0244133
0.00823561
0.0965783
0.0730845
-0.0139766
0.0885564
0.111239
0.0757617
0.1035
-0.0310634
0.00152652
0.004728
0.0143753
0.12459
0.10617
0.109401
0.0584833
-0.157647
0.0602345
0.0499245
-0.0030119
0.113901
0.125678
0.117468
0.0546227
0.0333561
0.0199207
0.0422317
0.0727625
0.11989
0.111696
0.0993381
0.0254093
0.110151
-0.00803312
0.0942786
-0.0971216
0.0327197
0.112707
0.083503
0.13035
0.114847
0.10663
-0.0600395
0.120814
0.102099
0.1333
-0.00366154
-0.0437475
0.0724591
0.013194
0.113726
0.0524876
0.12142
0.0732599
-0.0135561
0.0630486
0.0785564
0.0201228
-0.00874492
0.0990923
0.10128
0.0477849
0.0144747
0.0643902
0.107025
0.114994
0.052243
0.047973
0.102443
0.0778714
0.0808399
0.0694953
0.0845759
0.0676905
-0.0122169
0.05207
0.0953513
0.090798
0.0837675
0.105563
0.0563553
0.0617416
-0.0223338
0.0729346
0.0549195
0.0890461
-0.0174721
0.014207
-0.0248175
0.117447
0.0673479
0.0199111
0.0784124
0.107229
0.0285744
0.0807644
0.0558385
0.107948
0.0910725
0.103591
0.101599
0.104555
0.0556173
0.142088
0.0873867
0.094886
0.0990354
0.0180414
0.0858358
0.130357
0.117228
-0.0178865
0.109415
0.077227
0.119467
0.0470079
0.0652139
0.0907476
-0.00526793
0.117001
-0.0668163
0.0226074
0.12572
0.0178207
-0.0286811
0.119764
0.0478623
0.0650542
0.113465
0.108596
0.0147662
0.116119
0.0425102
0.0558538
0.0930094
0.016777
0.109917
-0.0144881
0.0824972
0.121083
0.0543318
0.12469
0.0702307
0.0575482
0.069189
-0.082544
0.00484286
0.0278122
0.0232523
0.0485035
-0.0125851
0.0298688
0.0835867
0.100257
0.127663
0.10001
0.102254
0.0611834
-0.0909453
-0.0575166
0.100151
0.106083
0.0813182
-0.0490553
0.0951125
0.105073
0.0491112
-0.000809309
0.122553
0.100866
0.071017
0.0780976
0.122918
0.0989687
0.11168
0.00783085
0.0275203
0.11627
0.0960516
0.0501261
0.049614
0.0768969
0.0852055
0.00067273
0.0544305
0.088298
0.0887916
0.0835378
0.111667
0.0603934
0.0951186
0.0754379
0.070836
0.0822183
0.106787
0.0974787
-0.00763928
-0.0448024
0.0741882
0.130079
0.0284036
0.116922
0.0892446
0.00884824
0.101245
0.0936897
0.0653746
0.109646
0.0675894
0.129761
0.0770361
0.136886
0.0630014
0.0457177
-0.0547136
0.0723731
0.0617975
0.0868443
0.0048999
0.106892
0.120706
0.116133
0.0642617
0.00459678
0.0328402
0.109135
0.0974938
0.0794284
0.00724753
0.128425
0.117951
0.0695283
0.129484
-0.147323
0.119086
0.0847603
0.11278
0.12628
0.0919216
0.119601
0.0816147
-0.103339
0.119472
-0.0206889
0.0207577
0.112568
-0.029809
-0.0186908
0.0423514
0.0768929
0.0489944
0.108225
0.00842972
0.0738382
0.0743438
0.105471
-8.23678e-05
0.0472067
0.0900392
0.0930872
0.112017
0.0795248
0.105683
0.0392684
0.0928175
0.0824996
0.0525556
0.0534962
0.0664426
0.100162
0.113425
0.0822654
-0.0182933
0.0555365
0.0135447
-0.0409359
0.12628
-0.0169226
0.116334
0.0997459
0.103722
0.0603294
-0.0671486
0.0399146
0.125032
0.132396
-0.00667257
0.0638965
0.110718
0.115318
-0.0270977
0.0818553
0.0979205
0.0522426
0.060765
0.108638
0.0808074
0.0409923
0.0369658
0.0645031
0.0250788
0.117757
0.0978624
0.106934
0.0294941
0.0867661
-0.00927569
-0.0477753
0.0885133
0.123107
-0.0599274
0.0803273
0.110277
0.100883
0.104515
0.10444
0.105332
0.0931678
0.121447
0.0628458
0.0406227
0.015557
0.0674228
0.0317295
0.0662006
-0.068546
0.0790689
0.0539558
0.0378609
0.124077
0.00122876
0.0675298
0.126567
0.0362114
-0.00515484
0.106878
0.0463361
-0.00232368
0.12762
0.124257
0.0498843
0.131057
0.112225
0.0599463
0.104593
0.0615077
0.00640493
0.0594352
0.0770657
0.0171527
0.115495
0.103782
0.104962
0.107049
0.117364
0.0654211
0.100397
0.0997329
0.103071
0.089276
0.124058
0.113207
0.0468848
0.0508052
0.0386677
0.0715315
0.0824715
-0.0919312
0.0453691
0.0998487
0.00227962
0.0880198
-0.033004
0.112048
0.0866089
0.105314
0.0258589
-0.016192
-0.0262067
0.0600173
0.108951
0.0257605
0.0581162
0.0314805
0.0133969
0.04197
0.0657833
0.0745457
0.117519
0.00205078
0.106835
0.0507342
-0.041876
0.115966
-0.0107714
0.105937
0.060158
0.0857458
0.115983
0.0764382
0.00112576
0.0966171
0.0391401
0.130649
0.0900713
0.0773608
0.0197432
0.0138796
0.0992119
0.0212585
-0.0462772
0.0887594
0.110462
0.0681274
0.10624
0.109017
0.10196
0.105592
0.0882131
0.096933
0.119792
0.0916317
0.0496983
0.0352707
0.0948743
0.124831
0.0577218
0.0935585
0.0960807
0.117727
0.085185
0.0151248
0.115814
0.0258214
0.0719609
0.0309384
0.0365639
0.0973764
0.111947
0.12992
0.102045
0.116317
0.119182
-0.00818855
0.0859914
0.0369556
-0.0114752
0.055568
0.0355858
-0.0252319
-0.0379216
0.0526284
0.0913809
0.0921145
0.0325575
0.0821062
0.0707623
0.0600229
0.0646112
0.114035
-0.012465
-0.0176562
0.000205623
0.0742278
0.0413871
0.098742
0.0954464
0.0708077
0.0646852
0.0495921
0.065009
0.119448
-0.0741864
0.127986
0.106844
0.109743
0.0930921
0.0255277
0.0682551
-0.0474245
0.0979174
0.0504342
0.109249
0.0046617
0.103933
0.0102695
0.0876339
0.0666944
0.1246
0.0918275
0.0303437
0.00956552
0.115039
0.0725453
-0.0722827
0.0431152
0.0590378
0.110806
0.040237
0.113516
0.0456321
0.0584905
0.122332
-0.0181773
0.0622654
0.0135499
0.0871116
0.0921771
0.111977
0.105636
0.100177
0.0910773
0.0886288
0.0859828
0.120858
0.103187
0.0568301
0.104862
0.126978
0.0810656
0.0511816
0.125731
0.0677154
0.109049
0.09848
0.0746088
0.112033
0.0939364
0.00068222
0.104303
0.123149
0.0482734
-0.0514789
0.0141029
0.0231999
0.0328614
0.0753938
0.0533538
0.0580696
0.112595
0.123604
-0.0456951
0.0759367
0.065868
0.0769273
0.0776675
0.116649
0.00105378
0.115253
0.0335124
0.0555132
-0.0364805
0.137769
0.114993
0.0979537
0.131764

0.079372
0.100663
0.00969449
0.110247
-0.0910652
0.112018
0.0875577
-0.0116929
-0.071018
-0.0574815
0.0960667
0.0397481
-0.0450276
-0.0995776
0.0374654
0.00801711
0.0236679
0.116183
0.00990532
0.119909
0.0759926
0.0698589
0.0235214
0.0806297
0.0149694
0.077729
0.098715
0.0926068
-0.020616
0.0935018
0.053489
0.0708357
0.0828906
0.0479783
0.0606245
0.0424956
0.0795187
0.0635695
0.0974502
-0.0580587
0.0791784
0.0801726
0.0434073
-0.0681524
0.0828629
-0.0645124
0.0868603
0.0940278
0.106975
-0.0785359
0.0794404
0.0895406
0.0975045
-0.0225103
0.0192347
0.0684456
0.022085
-0.010748
-0.0504147
0.0589861
-0.0713746
0.105928
0.0415738
0.0621785
0.110715
0.118969
0.0747145
0.00499414
0.102649
0.0946306
0.103539
0.0900285
-0.00580652
0.060212
0.115683
-0.0131552
0.0767221
0.114192
-0.00896323
0.122641
0.0794134
-0.084483
0.0786119
0.102509
0.0164912
0.125153
-0.0118391
0.128697
0.02058
0.1189
0.0605656
0.0910423
0.0278354
0.0530366
0.0817112
0.0922839
0.117155
0.0793359
0.0808444
-0.012538
0.00920743
0.0778175
0.0368484
0.112808
0.0550815
0.0985872
0.0245501
0.0822073
0.11072
0.106821
0.0830181
-0.0427448
0.110415
0.107209
0.0557527
0.0375942
0.117806
0.0692219
0.113792
0.0947281
-0.00268436
0.0951104
0.134557
0.0288276
0.108123
-0.00249241
0.100401
0.114572
0.0959641
0.00739714
0.0685367
0.023019
0.0724444
0.078304
0.094813
0.100326
0.116116
0.104679
0.0927718
0.0511517
0.0588837
0.111138
0.119039
0.0932402
0.0658736
0.00868904
0.0250277
0.0175325
0.054688
0.108757
0.0799621
0.097109
0.0119725
-0.0326601
-0.00550752
0.0192703
0.0864039
0.0966433
0.118155
-0.0371708
0.0753852
0.0785146
0.0338936
0.12468
0.0722908
0.0880476
0.11695
0.103524
0.123726
0.086718
0.104527
0.100465
0.0242731
0.0498822
0.0978064
0.0405736
0.100251
-0.0546098
0.0643498
0.0610933
0.0644135
0.109354
0.0034764
0.0922625
0.114025
0.0518209
-0.0753374
-0.000118773
0.0672486
0.0976942
0.0918449
0.0718292
0.0968053
-0.0688636
0.0344515
0.0691222
0.0915729
0.0941756
0.0807129
0.0517113
0.0877394
0.0870203
0.0945002
0.109571
0.0548596
0.0988129
-0.0234063
0.00713698
0.124102
0.0575479
0.111657
0.0363261
-0.00884032
0.0810629
0.0895713
-0.020293
0.0986365
0.108653
0.0415824
0.105094
-0.0466696
0.00347668
0.00161523
-0.000352126
0.0992652
0.105463
0.0980285
0.0661706
-0.149495
0.0678878
0.0624838
-0.017246
0.093843
0.122333
0.111285
0.0454098
0.0282202
0.00575569
0.0595478
0.0576192
0.114027
0.111139
0.089688
-0.000848788
0.10956
-0.0390188
0.089783
-0.10736
0.0137245
0.105232
0.0659916
0.106064
0.0911923
0.105088
-0.054248
0.110688
0.0911388
0.123485
-0.0485196
-0.0371848
0.060047
0.00638013
0.114782
0.0394523
0.111744
0.0602914
-0.0238476
0.0528973
0.0647078
0.0113947
-0.00174261
0.0807919
0.0961398
0.0660522
0.0178014
0.0580934
0.0884526
0.114708
0.0486453
0.0276074
0.0906471
0.0851612
0.0738745
0.0596952
0.0819719
0.0517618
-0.0444075
0.0535201
0.0974391
0.0967254
0.0691453
0.111524
0.0212414
0.0605582
-0.0356511
0.0902005
0.0323082
0.0934866
0.000712956
0.0276851
-0.0426659
0.104824
0.0657405
0.0273574
0.0841603
0.11057
0.0252278
0.0682533
0.0210321
0.0985601
0.0741594
0.0951123
0.0891364
0.0832032
0.050527
0.138238
0.0842642
0.075412
0.102556
-0.0231593
0.0635368
0.12988
0.0940672
0.00131324
0.114357
0.074681
0.114843
0.03768
0.0517281
0.100585
-0.0223171
0.1035
-0.060028
0.0257448
0.112544
0.0127864
-0.0260626
0.108311
0.0640066
0.0524005
0.100677
0.0826949
0.000674051
0.109135
0.048423
0.0565064
0.0932053
0.0216035
0.111889
-0.0187983
0.0926906
0.118849
0.0538548
0.105302
0.0736897
0.0495402
0.0668695
-0.0447183
0.026628
0.0302125
0.0167394
0.0499198
-0.00732495
0.0327952
0.0769094
0.0987518
0.109567
0.0950757
0.0834137
0.0448988
-0.11898
-0.084257
0.0931178
0.1049
0.0819106
-0.0532935
0.0926897
0.0996258
0.0647792
0.00274249
0.118125
0.0984995
0.0471392
0.0380857
0.106914
0.0889817
0.109926
0.0220669
0.0212736
0.0986975
0.0865785
0.0615363
-0.01472
0.0842324
0.0938912
-0.00221015
0.0260299
0.0898276
0.0928537
0.0670247
0.11131
0.0421
0.0921974
0.0733665
0.065417
0.0759451
0.109109
0.0916755
-0.0246172
-0.0552769
0.0801348
0.123879
0.00203062
0.100801
0.0868446
-0.0092301
0.0817922
0.10731
0.0575576
0.102566
0.0667696
0.111363
0.0733201
0.122886
0.0437658
0.0355117
-0.0679832
0.0743944
0.0434241
0.0769223
0.0110777
0.0955305
0.0990461
0.112009
0.0356204
-0.0124109
0.0502485
0.117704
0.0736048
0.0934156
0.00736633
0.120493
0.128167
0.0670506
0.119045
-0.13785
0.0976893
0.0924829
0.103251
0.115914
0.086758
0.111066
0.085247
-0.0692102
0.109266
-0.0195604
0.00612759
0.113793
-0.0237154
-0.0321537
0.0358956
0.0797863
0.0611207
0.0962377
-0.00852516
0.0775431
0.0633439
0.107101
-0.00402243
0.0457284
0.0851793
0.0959538
0.111903
0.0657547
0.109843
0.0243137
0.0850917
0.0888474
0.0475171
0.023523
0.056099
0.0927074
0.0964391
0.0799296
-0.0238112
0.0569934
-0.0131023
-0.0768002
0.11853
-0.0397853
0.111564
0.0864206
0.0978897
0.0341606
-0.0797556
0.0202402
0.119081
0.112988
-0.0146962
0.0776351
0.088346
0.114709
-0.0348023
0.0743081
0.105499
0.0652032
0.0480514
0.102155
0.065763
0.0208785
0.0381046
0.0609513
0.0304197
0.0986076
0.0943062
0.103951
0.0296058
0.0765121
-0.00677109
-0.064219
0.0790498
0.123025
-0.0801088
0.0779354
0.101681
0.0998001
0.0879401
0.108492
0.105668
0.0801846
0.114041
0.0595534
0.0138394
0.0196156
0.0353596
0.0223358
0.0505925
-0.0475151
0.0856756
0.0327649
0.0527519
0.114703
0.017875
0.0676491
0.125272
0.0258111
-0.0387638
0.111173
0.0510329
0.00454008
0.114165
0.109667
0.0323834
0.125914
0.107249
0.0580837
0.113459
0.0661224
0.000680322
0.0617629
0.0727693
0.0052029
0.114316
0.0942648
0.0900251
0.0853789
0.115714
0.0543382
0.105693
0.0905608
0.0948848
0.0568268
0.111593
0.112283
0.0307248
0.0736287
0.0454515
0.0608671
0.076193
-0.0814024
0.0304283
0.0810303
-0.00222343
0.0925144
-0.0626259
0.0890109
0.0835584
0.102587
-0.0165795
-0.00649287
0.00237724
0.0777548
0.0997901
-0.0216287
0.0596892
0.0253043
0.0201419
0.0494412
0.0495469
0.0806344
0.107907
0.00208797
0.092489
0.0617671
-0.0448253
0.108358
-0.0220103
0.0970646
0.0226215
0.0749128
0.106413
0.0519113
0.0112673
0.098902
0.0471886
0.118209
0.0779262
0.09096
-0.0101161
0.0181164
0.0963895
-0.00133824
-0.0600029
0.0700744
0.107362
0.0813271
0.0877678
0.0901873
0.095364
0.0960043
0.083771
0.106496
0.105763
0.0818612
0.0588421
0.0305517
0.0908245
0.118035
0.0658265
0.0838756
0.0893155
0.120861
0.0784143
0.0164241
0.105382
0.0132443
0.0484295
0.0395661
0.0435549
0.0941548
0.092446
0.128089
0.10617
0.0961836
0.119157
-0.0283412
0.0663407
0.0228736
-0.0142675
0.013104
0.0260572
-0.0462619
-0.0176253
0.0632261
0.090085
0.099594
0.0318034
0.0723483
0.0826915
0.0649477
0.0653941
0.0886128
-0.00539735
-0.0300548
-0.00538319
0.0518124
0.0289156
0.0923645
0.0797744
0.0547773
0.0786245
0.0481936
0.0655634
0.116933
-0.0661376
0.118974
0.0984007
0.103021
0.0822231
0.0175147
0.0538592
-0.0483198
0.0978502
0.0556172
0.095145
-0.0399566
0.0799588
0.0159271
0.0862698
0.0458567
0.118116
0.0746685
0.0225361
0.0130332
0.115988
0.0768146
-0.101411
0.0376116
0.0651301
0.100123
0.00799975
0.110362
0.0547091
0.0469033
0.110252
-0.0288863
0.0504012
0.00789046
0.0954815
0.0926688
0.0959452
0.102207
0.0825646
0.0943605
0.0558532
0.107006
0.112603
0.100583
0.0277323
0.0872785
0.106574
0.0742619
0.0373654
0.115091
0.0538429
0.118548
0.0837751
0.058686
0.104279
0.0905779
0.024415
0.108189
0.115401
0.0414393
-0.0360951
0.0417364
0.0133855
0.0093487
0.0604689
0.0457453
0.0316894
0.117119
0.121104
-0.0747563
0.0803268
0.0494338
0.0665214
0.0597373
0.104892
-0.00671383
0.100454
0.041053
0.055366
-0.0388102
0.13043
0.0983694
0.0638116
0.125117

