-0.1428974271
-0.1206579357
-0.1847004741
-0.1461288929
-0.1183014289
-0.1979045421
0.03677870333
0.02903402597
0.02852235548
0.01300763991
-0.0290763583
-0.01921692863
0.008181239478
0.008581815287
0.09061251581
0.0574920103
0.03888320923
0.03699827939
0.008479396813
0.0228584744
0.01027057972
0.05685372278
-0.02780353092
-0.01767718606
0.06089305878
-0.01368540898
-0.01318820845
-0.005196621642
-0.03517912328
-0.100442864
0.006132610142
0.006187738851
-0.01515538339
-0.04920589179
-0.06511732936
-0.02221229114
0.01029619481
0.02193525061
-0.01602250151
-0.01622678153
0.06135318056
-0.002900602529
0.07487882674
-0.02583787031
0.0009499563603
0.01416766271
-0.03796037287
-0.04050727189
-0.02128338255
0.06808589399
0.05383201316
-0.02705844119
-0.02713289671
-0.06525728852
0.01650822908
0.001992597478
0.002824821509
0.005270114169
0.02060593106
0.06492563337
0.01583439112
-0.02716264687
0.01994454674
0.06181227416
-0.04024655372
0.06691933423
-0.01217191014
-0.0007325308979
0.01864775643
0.01027656905
0.03824482858
-0.07127530128
0.02291027643
0.02655407414
0.04668772593
0.05769537017
0.06417189538
-0.02176574804
0.03303336352
0.03948612139
-0.05475451797
0.04280506819
0.04089095071
0.08581665158
-0.08169273287
0.0138945654
0.02012602799
-0.01607857458
-0.08179848641
-0.01475787535
0.01295174379
0.02406904846
-0.005033261143
0.06827411056
0.0001801826438
-0.1141115949
0.009435822256
0.05149490759
0.0286237523
0.03916290775
0.03854081407
0.06560258567
0.04844557494
0.06532654166
0.001585497521
0.03912258148
-0.08440775424
0.06266380101
0.01736349612
0.01661668345
0.06573375314
-0.09626352787
-0.013989239
0.01207487006
-0.06464266032
0.02650857531
0.007920228876
0.0561301671
0.009639468044
0.03295070678
-0.0151688559
0.04114630073
0.05890704691
0.06142522767
-0.04141223058
0.04326221347
0.06413055211
-0.07877472043
0.05038288608
0.06741023809
0.0551992543
0.01668997109
-0.009193029255
0.02436952293
0.02394436859
-0.001044515171
0.03817061335
-0.02315141261
0.02039217576
0.04442934319
0.009233915247
-7.23E-06
-0.06554736942
0.009973954409
0.04235714301
0.01159425639
0.02819858119
0.07303845137