0.03980990499
0.0008632289246
0.05314406753
-0.01312432997
-0.001103018411
0.03102323227
-0.01164865121
0.0678749606
-0.02078603581
0.01874841377
-0.08012713492
0.03753456846
0.04215278476
0.0728520304
0.04470680282
0.0425097011
0.07602051646
-0.03506986424
0.06755559146
0.03379553184
-0.03133082017
0.05265940353
0.02555760369
0.09791783243
-0.05592216924
0.02314525098
0.05856784433
0.04696572199
0.07419169694
-0.004082801286
0.06667509675
0.06923287362
0.100523904
0.07353863865
0.07506337762
0.06091112643
0.1053997353
0.09882581234
0.04866629466
0.08312527835
0.06337757409
0.08597788215
0.09422237426
0.07508086413
0.06379007548
0.03696066886
-0.03251763061
0.00369908521
0.09408213198
0.006146892905
0.002112247748
0.05460808054
0.09432482719
0.09969066083
0.0851271525
0.08912431449
0.03736422211
0.101448983
0.09450516105
0.08669250458
0.03452299535
-0.04412748665
0.08556496352
0.03474729136
0.07350156456
0.08252013475
-0.02230528742
0.09031566978
0.09050124139
0.031492237
0.06775921583
0.06306636333
-0.1038589701
0.02975500934
0.02650211938
-0.01721637882
0.1024521142
0.07100841403
0.02926084958
0.08369184285
0.07860792428
0.04040287063
0.07344929874
0.04496664926
0.06081145257
0.05254716799
0.07572427392
0.02428151853
0.04018487409
0.07759212703
0.0700788945
0.07318917662
0.06211960316
0.06346422434
0.06255082041
0.02270985395
0.06290490925
-0.04042659327
0.07075609267
0.09030978382
0.04555751383
0.009130416438
0.01673613489
0.02666751109
0.03161966056
0.05430722982
0.03537430614
0.06116517261
0.01378867496
-0.0415363647
0.01699590124
0.06243803352
0.06934946775
0.08025319129
0.09560076147
0.06919051707
0.04400524125
0.05606498942
0.07625923306
0.05849357694
0.02732896805
0.06182708219
0.03308753297
0.06470563263
0.05046409369
0.08448639512
0.02908815444
0.04013065249
0.03393118829