0.07488261908
0.09336540103
0.02718545124
0.0985436812
-0.09433184564
0.09582855552
0.06361371279
-0.01846742257
-0.07446785271
-0.03758018091
0.07252916694
0.03901772946
-0.02540422417
-0.102218084
0.03438139334
0.01734499075
0.02234273963
0.09881868213
0.01091150846
0.1093834937
0.05966664478
0.06933238357
0.01906377077
0.07266234607
0.02219490707
0.07165005803
0.07435334474
0.08651214093
-0.03433350101
0.0770310685
0.06135636941
0.05904136971
0.09178582579
0.04015120864
0.06582862139
0.02671405114
0.05090077966
0.07486045361
0.07779577374
-0.03997933492
0.08867422491
0.06096003205
0.04655424505
-0.06370916218
0.08494182676
-0.06029503047
0.07856808603
0.09360133857
0.0872156471
-0.08052890003
0.06954427809
0.09134054184
0.07566729933
-0.005214008503
0.005230786745
0.07581675053
0.005724034272
-0.02548202872
-0.03733818978
0.05839528516
-0.05121345073
0.09158460796
0.05049610883
0.08165127784
0.1005200744
0.0900400579
0.06444323808
-0.0002959221019
0.08688094467
0.07600723952
0.09186404198
0.07742340863
-0.004088945221
0.05154063553
0.09194682539
0.02013704926
0.06198386475
0.08552382886
-0.008792113513
0.1113902479
0.07430307567
-0.06360369921
0.06771932542
0.0841402337
-0.003692775965
0.1068244651
-0.02029608563
0.1121992618
0.0006283746334
0.1080754697
0.05639863387
0.09075727314
0.0266535487
0.05922831967
0.08060736954
0.06130602211
0.09680515528
0.05957010761
0.0574596487
-0.008475326002
0.01103095524
0.07470743358
0.05283819884
0.09441716224
0.05212995782
0.07378467172
0.02464934252
0.07437458634
0.08230872452
0.07577987015
0.07946513593
-0.008073505014
0.09060713649
0.07358081639
0.04905084893
0.02439392731
0.1023572087
0.04008212313
0.08982401341
0.06948509067
-0.01447767206
0.07265412062
0.1124125496
0.01610967703
0.09118491411
-0.02187095582
0.1000652164
0.09814316034
0.07589016855
0.00143626635
0.06063232198
0.02764740586
0.05433901027
0.07333476841
0.08220265061
0.0924616307
0.08424444497
0.09079510719
0.07978380471
0.04349150509
0.05729038641
0.09903529286
0.1097142547
0.08346388489
0.0449485667
-0.00403109286
0.02903530933
0.01725277677
0.03699697554
0.0942934528
0.04180653021
0.08656010777
0.02320127748
-0.01714464836
-0.0129518155
0.01342808641
0.08402194828
0.08213425428
0.1029939279
-0.04915295914
0.07874752581
0.06467556208
0.03669226915
0.1074282825
0.06232940778
0.07637052983
0.1014925539
0.09574154764
0.1063425392
0.08303677291
0.08862541616
0.09559554607
0.02288626879
0.03966466337
0.07666939497
0.02806199901
0.0909538269
-0.05861177668
0.04571467265
0.05210286751
0.05672429875
0.09092499316
0.03251085803
0.0643299669
0.09782350063
0.04542573169
-0.0427737087
-0.01124778669
0.06530509889
0.076807715
0.08839239925
0.05584172159
0.08574867994
-0.08234738559
0.03723587468
0.04463919252
0.08927109092
0.08451310545
0.04472862184
0.04199318215
0.0677279681
0.07299371809
0.08560875803
0.08672747016
0.05116473138
0.07446014136
-0.002111002337
-0.0007011280395
0.1044080257
0.06488417834
0.1006261855
0.02190645225
0.01154324226
0.07928426564
0.06958511472
-0.01295768563
0.06343049556
0.09533425421
0.03723220155
0.09448813647
-0.03969260305
-0.0236394871
0.004821137059
0.01377935335
0.09401762486
0.08883009851
0.08224469423
0.05401612446
-0.1629497558
0.05969702452
0.04174939543
-0.003418783192
0.08704926819
0.09739851207
0.08351585269
0.03677824512
0.02020080388
0.03980750963
0.03806077316
0.0557115227
0.09937980771
0.09298406541
0.07960212976
-0.001591059146
0.08561403304
-0.01472650748
0.08209913969
-0.09716055542
0.02408096381
0.09162085503
0.07831370085
0.09068544209
0.09183395654
0.090383403
-0.0519971773
0.09708814323
0.07931823283
0.1039151177
-0.03246918693
-0.02646674588
0.05652917922
0.00422343798
0.09212589264
0.04056807607
0.1056415588
0.05706154928
-0.01960173622
0.04762258753
0.06585570425
0.01242783945
-0.01206751633
0.08368317038
0.08597470075
0.02652625926
0.03902656585
0.04755854979
0.08297178894
0.09978336841
0.05465478078
0.02302663587
0.07445159554
0.07431837916
0.06744787842
0.0601279065
0.06791994721
0.05744194984
-0.02857921831
0.04670941085
0.06939888746
0.07768726349
0.05632201955
0.08698429167
0.03374899551
0.02443401143
-0.02621693164
0.07788204402
0.02643978968
0.07111942023
0.004721946083
0.02739984915
-0.02781746536
0.09167517722
0.03395560384
0.004227452446
0.06879359484
0.1005880982
0.03143377602
0.06771339476
0.004420608282
0.07954241335
0.05611340702
0.07973963022
0.08847694844
0.08233957738
0.05366335437
0.11831972
0.07045788318
0.07085365802
0.07794976979
-0.001913801418
0.06764312834
0.1076870784
0.08530184627
-0.003808138659
0.09479933977
0.07573068887
0.09597804397
0.04398229346
0.05621825531
0.08260736614
-0.0234586373
0.09293583035
-0.05382490158
0.01946437731
0.09975231439
0.01894290745
-0.02798047289
0.09914769232
0.04904391989
0.04705450684
0.09629517049
0.0755751133
0.0335720107
0.09135668725
0.0504347831
0.054962717
0.07416056097
0.02461729012
0.09120700508
0.01557824202
0.06324348599
0.09533602744
0.05622790009
0.09562241286
0.0576774627
0.04762000591
0.04688024893
-0.05463060737
0.01434687246
0.01820355467
0.02451789938
0.03876069561
-0.01062006503
0.001202135114
0.06670574844
0.09126523882
0.09982705116
0.07800183445
0.0674746111
0.0455760248
-0.1223128885
-0.07331875712
0.07741872966
0.08389086276
0.04960872233
-0.05217737332
0.07223197073
0.08391087502
0.04166146368
0.00298624509
0.1058798209
0.07498384267
0.03870962188
0.04881637543
0.1000891477
0.08531770855
0.09584632516
0.03767918423
0.02278008871
0.09110870212
0.06491416693
0.03133011982
-0.0008386491681
0.07625681907
0.06371059269
-0.01918196306
0.04378570989
0.07319689542
0.07369428873
0.06757960469
0.09462609887
0.05687975883
0.07427556813
0.06028078869
0.06502782553
0.06138293445
0.09970633686
0.07426160574
-0.01502557006
-0.04959560186
0.06747607887
0.1057173833
0.02014200576
0.09980978817
0.07239411026
0.00437281793
0.07478597015
0.09601486474
0.0529939495
0.09472355992
0.0606059283
0.09910205007
0.04237998277
0.11276564
0.05972023681
0.03716325387
-0.05745026842
0.05282098055
0.04222420603
0.06293796003
0.002697863849
0.08606870472
0.09159240127
0.0893663764
0.03481229395
-0.01962170005
0.04588806257
0.08546413481
0.07214558125
0.06695568562
0.01430296898
0.1048254892
0.09719666094
0.06592486054
0.1048469394
-0.1309438944
0.09128499031
0.06061235443
0.08817800879
0.09884881973
0.08094895631
0.09849558026
0.06204755977
-0.08525186032
0.09299788624
0.01365286298
0.0112622492
0.08438400179
-0.0228456445
-0.03168853745
0.02606990561
0.06842769682
0.03025458939
0.08172880113
-0.01186500862
0.06812026352
0.05049239472
0.08048114181
0.003160548396
0.03942778334
0.07715135068
0.08359162509
0.1000096649
0.06984348595
0.09037524462
0.02385782078
0.06100755557
0.0683773756
0.05147971213
0.03538805246
0.04479983076
0.0840600282
0.09293589741
0.07339952886
-0.02414135635
0.04718315974
-0.02482965216
-0.05431005731
0.09572030604
-0.04056792334
0.09341220558
0.07817140967
0.08726629615
0.04472102225
-0.06439319253
0.008963238448
0.0991307646
0.09992461652
0.006542316172
0.05784109607
0.07806916535
0.09892296046
0.0021498485
0.07828265429
0.07900592685
0.04519410804
0.05264188349
0.08813254535
0.06677778065
0.02381194383
0.03396738693
0.05187546089
0.04291857406
0.09678097069
0.08423046023
0.08986258507
0.02883146517
0.06676889956
0.01399609633
-0.04612128437
0.07394741476
0.102625981
-0.06412242353
0.0749367103
0.09462502599
0.0760088861
0.07706234604
0.0851976946
0.08930105716
0.08163855225
0.100499481
0.04658223316
0.02725948021
0.01854127087
0.03888149559
0.02172216587
0.05252605677
-0.05657801032
0.05903156847
0.02334785461
0.03960886225
0.1020478308
0.0301686842
0.0537253432
0.09688793868
0.02733896673
-0.01336875651
0.08832716197
0.03792120144
0.01407620497
0.1071458682
0.09669087082
0.02654840238
0.1053522602
0.09823625535
0.04248993099
0.08936810493
0.06554683298
0.007057473995
0.04673491791
0.06917990744
0.01397854649
0.0974650383
0.08082331717
0.08003820479
0.08983994275
0.09749466926
0.0547230728
0.09351731092
0.08972208202
0.08315986395
0.05419039726
0.09704715759
0.09413428605
0.01333649084
0.04702658579
0.0362530686
0.06799837947
0.06860129535
-0.06054937467
0.02576114051
0.07436238229
-0.003191942116
0.07111371309
-0.04626091942
0.0894421339
0.07757722586
0.09204786271
0.002746637445
-0.01441101916
-0.01260132622
0.04719547182
0.08508810401
-8.21E-05
0.04555668682
0.03491844982
0.01027915906
0.04905412719
0.04630719125
0.05932227522
0.09233216941
0.001996424515
0.09044056386
0.05885328352
-0.01921697147
0.09783356637
-0.03299845755
0.07928197086
0.04177491739
0.0727429539
0.08613963425
0.05312582478
-0.009293239564
0.06791348755
0.03450961038
0.1008492336
0.06342645735
0.06833029538
0.01084664091
0.01023743674
0.0758599937
-0.006842410658
-0.06007182971
0.07258140296
0.1003288403
0.04439854994
0.08666200191
0.08289662749
0.08036697656
0.07407940924
0.08730097115
0.07821194082
0.09942522645
0.07481236011
0.04775604978
0.03998353332
0.08147802204
0.09883920103
0.06044433266
0.06282483786
0.07817848027
0.0950063318
0.07371986657
0.02274116687
0.08582702279
0.02194512449
0.05033989996
0.03224312514
0.03902153671
0.08615327626
0.09494367987
0.1077738479
0.08366710693
0.08651422709
0.09709363431
-0.01997761242
0.06205143034
0.000706479128
-0.01036880817
0.02805096284
0.02763300389
-0.05801577866
-0.0440056771
0.04171391577
0.06973360479
0.07374712825
0.009877617471
0.0673116073
0.05993708223
0.0582421124
0.06044171751
0.09426283836
-0.009636139497
-0.026391102
-0.005614445079
0.05095584691
0.03548248112
0.08048710227
0.08535125107
0.05231051892
0.06708269566
0.03651023656
0.05336673558
0.09395065904
-0.05316437408
0.1011331081
0.08881973475
0.09572508186
0.06632657349
0.0239050705
0.05573244765
-0.03297980502
0.08392527699
0.04719476029
0.09308965504
-0.01847663336
0.07944946736
0.003550856141
0.07612752914
0.03873157874
0.1032941714
0.07184811682
0.02728744783
0.006828590296
0.08681266755
0.06759214401
-0.08622907102
0.02352741919
0.05009036884
0.07622691244
0.01367653161
0.08712173253
0.04931242391
0.04868527502
0.08970838785
-0.01848177612
0.0426283069
0.01649065129
0.05870354921
0.07831530273
0.077961348
0.07599069923
0.07386224717
0.08096055686
0.06372201443
0.08249619603
0.09923455864
0.08910702914
0.03685544059
0.09082783759
0.1000622138
0.05307361111
0.05585760996
0.09195933491
0.0523680374
0.09021088481
0.07618636638
0.05144720897
0.07399659604
0.08384214342
0.01624640077
0.07460670918
0.1064656675
0.05153715238
-0.02081854828
0.03019453958
0.02857447974
0.02208829671
0.04966402054
0.05029360205
0.02828839421
0.09487038106
0.1079663783
-0.05890541524
0.08047888428
0.04362776875
0.06332063675
0.05188497528
0.09041071683
-0.02033978887
0.088952519
0.046124883
0.05050884932
-0.03292770684
0.1092031598
0.09013533592
0.0780300796
0.1107324138