0.0756027475
0.1439858079
0.1410616636
0.1608128995
0.1590496153
0.09089440107
0.160208717
0.1453949213
0.1387896389
0.1475537419
0.08793943375
0.1611818373
0.09637472034
0.1306271553
0.1526993215
0.1572199464
0.151242733
0.09417707473
0.1245470569
0.1347928792
0.129462108
0.04950491711
0.1625455618
0.1649446338
0.160931319
0.1624439061
0.1649453342
0.1660925895
0.1466527134
0.1646131277
0.1333682686
0.1597732753
0.1090660542
0.1203625649
0.1572100371
0.149943009
0.1177705899
0.1557735056
0.09075324237
0.09075324237
0.1582886428
0.1515630335
0.1653133929
0.1029191241
0.09410812706
0.1548516452
0.1381194293
0.01038549002
0.1002522185
0.1480300426
0.0291386582
0.129334718
0.150796026
0.151874885
0.1315656453
0.06677985191
0.03319913149
0.1600873172
0.1516358405
0.1425420493
0.1408235729
0.05595030636
0.08889790624
0.09146158397
0.09926909953
0.1262943447
0.09385871887
0.09438563138
0.09589925408
0.07759328187
0.03385893628
0.0583454743
0.1456041038
0.1512080282
0.1440635771
0.1481587142
0.1556425542
0.1566870809
0.09581994265
0.1289148778
0.1155321598
0.1430557072
0.1530901045
0.1319679916
0.02069976181
0.1551690102
0.1351806968
0.1416038424
0.1571050435
0.102484934
0.1080744341
0.1445402503
0.08438338339
0.1408615261
0.1358999014
0.1574146748
0.1296618283
0.0631820932
0.1216261163
0.1305803359
0.08165922761
0.1178172678
0.03823276982
-0.02696041763
0.03784953058
-0.1189088002
-0.22440207
-0.1613301188
0.02692964114
-0.01898869313
-0.04957984388
-0.06270860136
-0.04162074253
0.1196261495
0.1453728825
0.1464607716
0.1282555014
0.1196703389
0.08474134654
0.1518058628
0.1519174576
0.1156678498
0.1593911946
0.1433024704
0.1252757162
0.1322396696
0.1635931432
0.06748272479
0.03480529785
0.04616771266
0.05990933627
-0.03675027564
0.1447895467
0.1001944765
0.1510459632
0.09299768507
0.1312552094
0.1564625651
0.1363475621
0.1460594237
0.1507155746
0.1095596552
0.09894708544
0.1450298876
0.1204979345
0.084024176
0.1362071484
0.157447651
0.1483949125
0.1296676397
0.1168506593
0.09041244537
0.1107173637
0.1545478106
0.1594719887
0.1603261977
0.1616037339
0.0983215645
0.1517196596
0.1264226288
0.1482151449
0.03911652416
-0.004864488728
-0.1654697359
0.09130768478
0.03632173315
-0.003167827148
0.03434295952
0.01399047393
0.06480047107
0.02767780982
-0.1576888263
-0.1567672342
0.05016820878
-0.09542346746
-0.01932127774
0.10174115
0.1097503081
0.09225552529
0.1020247489
-0.0277687069
0.05039053783
0.05668246746
0.02820665203
-0.1848855913
-0.09901166707
-0.07843467593
0.1150855795
-0.0317136012
-0.08965358138
0.06282787025
0.02373017371
0.01033948921
0.02722772211
0.03377380595
0.02159840591
0.01345586777
0.06559684128
0.04337100685
0.04030476883
0.04048337415
-0.08978098631
0.03322960436
0.04768620059
0.0652263239
0.05667950213
0.05636175722
-0.09313196689
0.03599430621
0.02526309714
0.06083783135
0.01707140543
0.04441876337
0.04984457046