0.08437860757
-0.02134857886
0.1018318385
-0.07455940545
0.06142029911
0.09289439023
0.003834930016
-0.06251128763
0.0517552495
0.05806427076
0.01646599919
-0.02350758016
0.08219733089
0.02653255872
0.09690642357
-0.02022945136
0.1281059086
-0.177955851
0.08167955279
-0.1487110406
0.09979441017
-0.1447775811
0.1230379939
-0.1060165763
0.1108203754
-0.04760787264
0.02074479125
-0.1270598024
-0.003290638328
-0.1333720535
0.07556992024
-0.06079664826
0.07662916929
0.005409370176
0.07408754528
-0.04241568595
0.1248962805
-0.1242810935
0.1262429059
0.05306774005
0.05096786842
-0.1434380561
0.04769558087
-0.08107244968
0.0611486733
-0.07585390657
0.09092012793
-0.01776334271
0.1181636676
-0.01592290774
0.05173784122
-0.1009255126
-0.07416309416
-0.1490142643
0.1005421281
-0.1232487187
0.08447629958
-0.1500076503
0.115020439
-0.07275094092
0.0916338414
0.02048378997
0.05705576763
-0.07722381502
0.078536883
0.06706319749
0.1066344976
-0.08556836098
-0.02312997356
-0.06612733752
0.06608229131
-0.1112204194
0.0333766453
0.06681020558
0.0582511276
-0.1035170481
0.07351590693
-0.1297819763
-0.04515563324
-0.1141999215
0.02745795436
-0.0646308288
0.04809183255
0.07270528376
0.1192036867
0.04912357777
0.1196528971
0.04983824864
0.1098033115
0.05276348069
0.07834178209
-0.02817663364
0.08541569859
-0.002532606013
0.09673588723
-0.009537756443
0.02348375507
0.0008539902628
-0.0865663588
0.1206176057
-0.08440966159
0.1183961928
0.07352214307
0.09956200421
0.02569730207
0.08328855783
0.06736066192
0.1217205599
0.03038448468
-0.02603866719
0.02358863689
0.02968922071
0.03200876713
0.01379887853
0.03573259339
0.1016160175
0.1023922935
0.1204173639
-0.00767229544
0.1193298399
0.08008240908
0.04187138006
0.01888212748
0.09259042144
-0.0359697938
0.04177521914
0.01582382992
0.1321322024
-0.007301331498
0.1309635639
0.05407578126
0.1033631936
-0.03730275854
0.03946344182
-0.01058300026
-9.61E-05
-0.07857891172
0.09908396006
0.07924922556
0.08663874865
-0.04620308056
0.1326727718
0.02738793939
0.1030390933
0.1121173501
0.09804689139
0.05024284124
0.129635796
0.04790071771
0.1329962164
0.04781351984
0.1280514896
0.1027615666
0.04457296804
0.09606216103
0.1296572983
0.101599589
0.05474673212
0.09080802649
0.007244762965
0.1058847085
0.1218390316
-0.1563352197
0.001753416727
-0.07985351235
-0.02363933623
-0.1159625947
-0.06269195676
0.07991503179
0.1026185006
-0.122142449
0.1118841097
-0.05243296176
0.09867864102
0.04092596099
0.09674788266
-0.08739804476
0.1101681218
0.09739571065
0.02720479108
-0.03156516328
0.06510470062
-0.111920312
0.04283793271
-0.1104788482
0.01068202872
-0.1074826121
-0.08369394392
-0.1497289538
-0.01095184591
-0.05630259961
0.07165519148
0.001874317997
0.07913621515
-0.1252819002
0.1066588089
-0.05592196062
0.1060391665
-0.0346958898
0.1157886609
-0.07544819266
0.02512668446
-0.09906595945
0.1262114644
-0.1148958281
0.1230759621
-0.1598827243
0.1060381234
0.02348591946
0.06505909562
-0.1285175085
0.1045447066
-0.01372042764
0.09915441275
-0.07151838392
0.005738696083
-0.07850326598
0.06325785071
-0.06944962591
0.005604761653
-0.1555877179
0.05834419653
-0.09682232887
0.03796888888
-0.01687487029
0.02837857977
-0.04591485113
0.05184794962
-0.07273475826
0.05836419389
0.05146614835
0.1314103305
-0.1080531552
0.1212397963
0.0372226052
0.0724844113
0.06813189387
0.1175756082
0.09081441164
0.1239600927
0.03718554974
0.1292866617
0.02432349883
0.131461978
0.04342816398
0.1274480224
0.04874598235
0.115838632
0.07352214307
0.05049050227
-0.06164521351
0.04308774695
-0.002097808989
0.02276206762
0.05142578483
0.001819942845
0.1218391582
0.1070460379
0.1260856688
0.1284346282
0.1074059904
0.04591744393
0.01730279438
0.03771119565
0.003485463792
0.02636449784
0.05554324389
0.09443552792
0.1052357927
0.1184902713
0.1273884624
0.08366717398
0.09790866077
0.1221059784
0.1081419513
0.1221401691
0.1263944507
0.105840154
0.0408638604
0.01920220442
0.02583605796
0.01828611642
0.004069751594
0.03995092213
0.09731663018
0.100953348
0.09437141567
0.1277490705
0.114956364
0.1250914335
0.09927549213
0.1042728722
0.1167016774
0.1151858494
0.105655022
0.1136384308
-0.00541400956
-0.03841292113
-0.006542553194
0.02012063377
-0.006391205825
0.02970503829
0.1272953749
0.1319883913
0.1244882941
0.09986292571
0.09034837037
-0.05159236863
-0.01264052838
0.02799285389
0.002777534537
0.006799656432
0.1303137243
0.1022552028
0.03685440496
0.03175575659
0.01525202766
0.1128635108
0.124419339
0.1304735094
0.1319379956
0.1344768256
0.131877467
0.09900779277
0.04709848017
0.03911553323
0.01326808427
-0.01555888541
0.01159167383
0.1337337643
0.1214262843
0.1228296161
0.1330417544
0.1337680519
0.1356612146
0.1324518323
0.04520617053
0.01529412344
0.04883180931
0.003848049091
0.03211791813
0.1333126426
0.1286620051
0.1160061657
0.1300070286
0.07227223366
0.1209116057
0.1310165524
0.132516548
0.1319711506
0.1271127611