0.0604713
-0.0388059
0.139998
-0.0637927
0.0216818
0.15502
-0.020531
-0.0875483
0.0413314
0.0607686
0.0171295
-0.0399007
0.0810862
0.0190858
0.106633
-0.0577224
0.176497
-0.172684
0.0724964
-0.129102
0.120232
-0.131234
0.182782
-0.0871509
0.123558
-0.0611289
-0.0121469
-0.13038
-0.0149264
-0.137242
0.0841923
-0.0634114
0.0742283
-0.0194755
0.0511552
-0.0550872
0.187892
-0.119807
0.18641
0.0864369
0.0604713
-0.138536
0.0541818
-0.0955529
0.0556874
-0.0765223
0.124321
-0.0494822
0.178243
-0.045039
0.0936484
-0.102442
-0.100408
-0.157386
0.148185
-0.132517
0.133113
-0.148551
0.144115
-0.0615087
0.102621
0.00388294
0.0652038
-0.0963593
0.0917193
0.0716277
0.15432
-0.085168
-0.0454079
-0.0887421
0.0535781
-0.132517
0.0434986
0.0523683
0.0643203
-0.109824
0.07624
-0.149429
-0.0707009
-0.129102
0.0297043
-0.0737983
0.0553867
0.0698852
0.159196
0.0595783
0.164686
0.0397772
0.159657
0.0529736
0.0687196
-0.0276226
0.101813
0.00889251
0.138289
-0.0520908
0.0052238
-0.00117766
-0.0979754
0.181061
-0.0683888
0.178243
0.133609
0.116618
0.0319265
0.0906128
0.0869961
0.165366
0.0350827
-0.028337
0.00051493
0.0416417
0.0258705
0.0190858
0.0736517
0.144596
0.117913
0.166947
-0.0431983
0.154787
0.0707573
0.0400884
0.00421852
0.129872
-0.0351727
0.0447324
-0.0184222
0.202127
-0.0166714
0.220293
0.0756662
0.138289
-0.0618887
0.039154
-0.0294105
0.0210341
-0.0867538
0.141214
0.160807
0.0808026
-0.0792593
0.215521
0.0131932
0.187258
0.12937
0.158735
0.0858769
0.198682
0.045348
0.202127
0.030658
0.186198
0.183854
0.064615
0.170756
0.219345
0.178025
0.0556874
0.154553
-0.00083867
0.191878
0.204136
-0.151189
0.0112129
-0.0963593
-0.0340875
-0.139401
-0.0573451
0.168071
0.108227
-0.132517
0.151973
-0.0558388
0.11192
0.0434986
0.139998
-0.0784759
0.146036
0.144356
0.0177825
-0.056215
0.0369662
-0.120227
-0.00526329
-0.108588
0.0223286
-0.107354
-0.0947475
-0.1407
-0.0297688
-0.0745753
0.0779568
0.00421852
0.0966614
-0.128677
0.128366
-0.080829
0.128869
-0.0577224
0.12912
-0.0539617
0.0249071
-0.11438
0.198682
-0.135519
0.164459
-0.164991
0.156883
0.0407104
0.0598762
-0.106122
0.154787
-0.020531
0.0675508
-0.0804362
0.0258705
-0.105302
0.0776711
-0.0707009
0.0161484
-0.152953
0.0601739
-0.0983802
0.0474962
-0.034449
0.0438074
-0.0734102
0.0577868
-0.0796513
0.0568883
0.123558
0.206131
-0.120227
0.178678
0.00988831
0.0360254
0.0836293
0.195402
0.134104
0.183426
0.045348
0.188735
0.0168027
0.209688
0.0252285
0.205135
0.0344531
0.173418
0.0474962
-0.0573451
0.0580859
-0.00423879
-0.00800554
0.0316096
0.020061
0.187046
0.145557
0.177807
0.207717
0.152678
0.0425711
0.0274717
0.034768
-0.0166714
0.0258705
0.0652038
0.0906128
0.130622
0.166947
0.209885
0.0779568
0.125083
0.191461
0.15781
0.183854
0.19167
0.145557
0.0487192
0.0249071
0.0319265
0.00689476
0.0095566
0.0625481
0.14747
0.0919954
0.121771
0.214751
0.15781
0.169193
0.135093
0.132119
0.145796
0.177807
0.142425
0.160347
0.00253848
-0.0479971
-0.0194755
0.0478023
0.0022018
0.0444243
0.197046
0.217057
0.148423
0.112969
0.0955683
-0.0907371
-0.00697548
0.0508515
0.000852753
0.00922467
0.19437
0.139998
0.0586835
0.0541818
0.0207099
0.137063
0.194576
0.201522
0.213396
0.213008
0.20253
0.130122
0.0750916
0.0529736
0.0102198
-0.036623
0.00287494
0.213008
0.183211
0.192087
0.224612
0.208113
0.219155
0.195402
0.0707573
-0.00663257
0.0239418
0.00822748
0.0261911
0.207717
0.192087
0.155953
0.225542
0.0799509
0.172976
0.218394
0.229597
0.198478
0.19437

0.0607686
-0.0472561
0.127611
-0.0757427
0.0369662
0.142425
-0.009727
-0.0788675
0.0419517
0.0529736
0.0229745
-0.0373497
0.0881123
0.0184346
0.112445
-0.0769125
0.17562
-0.173139
0.0839109
-0.13638
0.132119
-0.109824
0.171867
-0.0939433
0.121515
-0.0588555
-0.0215886
-0.128251
-0.0191242
-0.143742
0.0900585
-0.0543366
0.0660854
-0.0226484
0.0297043
-0.0380773
0.186198
-0.123171
0.182997
0.0544833
0.0836293
-0.128251
0.0613626
-0.103666
0.0595783
-0.0668526
0.125843
-0.0424638
0.170087
-0.020531
0.0541818
-0.103258
-0.0919374
-0.158722
0.132616
-0.130807
0.112969
-0.158276
0.15665
-0.0907371
0.105033
-0.0114543
0.0739401
-0.0983802
0.0672581
0.0434986
0.160347
-0.0943453
-0.0498541
-0.0943453
0.0523683
-0.142871
0.0422615
0.0822183
0.0586835
-0.106532
0.0782422
-0.138968
-0.0668526
-0.120647
0.0360254
-0.077303
0.0805189
0.0586835
0.16627
0.0698852
0.153148
0.0382176
0.150557
0.0577868
0.0785275
-0.0251296
0.0875546
0.0108821
0.137799
-0.0333653
0.0245856
0.00388294
-0.0979754
0.186198
-0.0792593
0.177807
0.16964
0.103963
0.00856009
0.0716277
0.0892255
0.154553
0.0102198
-0.0369863
-0.000499952
0.0363392
0.0131932
0.0245856
0.0799509
0.144115
0.109021
0.176934
-0.0439338
0.158504
0.0634351
0.0207099
-0.00389773
0.136817
-0.0491106
0.0568883
0.00186489
0.197046
-0.00594749
0.224052
0.0526711
0.147947
-0.0558388
0.039154
-0.0312045
0.0226517
-0.102442
0.132616
0.154086
0.075379
-0.0769125
0.210473
0.0052238
0.188314
0.115319
0.167622
0.0925472
0.212036
0.0462699
0.20633
0.0309754
0.185773
0.175839
0.0710477
0.167172
0.217248
0.177807
0.0631396
0.145317
-0.00287598
0.184067
0.195814
-0.144177
0.0164757
-0.0788675
-0.0304862
-0.137242
-0.0745753
0.190206
0.0914429
-0.107354
0.130372
-0.0326441
0.125843
0.0271519
0.139266
-0.077303
0.137799
0.143874
0.0281107
-0.0509713
0.0459628
-0.133802
0.00321116
-0.100408
0.0252285
-0.113134
-0.101628
-0.131661
-0.00492156
-0.0626495
0.0610657
-0.0226484
0.0919954
-0.139401
0.140971
-0.0761324
0.129621
-0.0391706
0.125843
-0.0726348
0.030658
-0.0987852
0.177807
-0.123593
0.169416
-0.14899
0.142667
0.0394657
0.0577868
-0.117296
0.153851
0.00555843
0.0816526
-0.0863569
0.0216818
-0.092338
0.0906128
-0.0796513
0.0138514
-0.158276
0.0592802
-0.0931401
0.0610657
-0.00903776
0.0252285
-0.0599911
0.0462699
-0.0668526
0.064615
0.158504
0.216098
-0.121908
0.187258
0.0444243
0.0434986
0.0867166
0.176934
0.13162
0.185773
0.0785275
0.17408
0.0487192
0.197865
0.0400884
0.20132
0.0736517
0.164459
0.0505474
-0.0687735
0.0303403
-0.0145782
0.00152771
0.0484137
0.0145088
0.191461
0.141214
0.17998
0.203334
0.140728
0.0568883
0.0216818
0.0450403
-0.00903776
0.0379051
0.0553867
0.0853161
0.135093
0.164232
0.20831
0.0799509
0.114537
0.20132
0.1754
0.173859
0.184921
0.143874
0.0499389
0.0416417
0.03853
0.0232972
0.0229745
0.0511552
0.159427
0.0993811
0.12912
0.208901
0.133113
0.172533
0.120232
0.139266
0.137063
0.168745
0.126349
0.154086
0.00988831
-0.0226484
-0.0073186
0.041021
-0.00117766
0.0511552
0.194989
0.223304
0.161952
0.107696
0.0936484
-0.0753533
0.0105511
0.0462699
-0.00185632
0.00789461
0.181492
0.118171
0.0616592
0.0481081
0.0174562
0.132616
0.210277
0.207322
0.219914
0.217631
0.197865
0.129621
0.0759532
0.0529736
0.00589289
-0.00355691
0.0125339
0.217631
0.17562
0.195402
0.222179
0.218013
0.231057
0.194576
0.0716277
-0.00492156
0.0425711
0.0138514
0.039154
0.21629
0.185134
0.158735
0.216098
0.0793821
0.168296
0.222555
0.227023
0.200713
0.193541

0.0529736
-0.0446704
0.126349
-0.0757427
0.0338227
0.131371
0.000176879
-0.0657032
0.0574875
0.0456555
0.0290675
-0.0322838
0.0878336
0.0174562
0.111658
-0.0424638
0.188314
-0.169053
0.0911664
-0.135089
0.107431
-0.128677
0.174521
-0.112719
0.138778
-0.0569682
-0.0170211
-0.109
-0.0156237
-0.156053
0.100193
-0.0649383
0.0713378
-0.0297688
0.0379051
-0.0380773
0.187892
-0.132517
0.194163
0.0745163
0.0698852
-0.143306
0.0434986
-0.105302
0.0604713
-0.0498541
0.126602
-0.0428309
0.17562
-0.0290524
0.0652038
-0.101221
-0.085168
-0.161401
0.143392
-0.140267
0.127107
-0.151189
0.152443
-0.0935416
0.116358
-0.0233561
0.0716277
-0.0919374
0.0883909
0.0353971
0.15432
-0.0707009
-0.0391706
-0.104893
0.0529736
-0.120647
0.0468835
0.0616592
0.0690113
-0.0995959
0.074804
-0.142436
-0.0596123
-0.127827
0.0335073
-0.0737983
0.0687196
0.0672581
0.166947
0.0785275
0.172533
0.0419517
0.171423
0.0375923
0.086157
-0.036623
0.0961152
0.00388294
0.12912
-0.0402661
0.0177825
-0.0212359
-0.0963593
0.181061
-0.0668526
0.187892
0.138044
0.113231
0.0203856
0.0788125
0.0850354
0.164912
0.0287488
-0.0269091
0.0131932
0.0319265
0.0181087
0.0022018
0.053276
0.142909
0.117654
0.171645
-0.0409976
0.15103
0.0666721
0.0447324
-0.0240648
0.13608
-0.0439338
0.0657917
-0.00938225
0.209295
-0.0308452
0.22086
0.0425711
0.139266
-0.0502262
0.0277913
-0.0138824
0.00789461
-0.0907371
0.163549
0.135093
0.0963884
-0.0737983
0.233051
0.0245856
0.162638
0.140485
0.155953
0.0776711
0.214364
0.0353971
0.222555
0.0255496
0.195814
0.172311
0.0730744
0.153851
0.229414
0.166044
0.0568883
0.127107
0.00152771
0.172754
0.201522
-0.157386
0.0245856
-0.085564
-0.020531
-0.121067
-0.0615087
0.16852
0.0941979
-0.132945
0.12912
-0.0745753
0.117395
0.0447324
0.13162
-0.0967629
0.144356
0.127359
0.0300224
-0.045777
0.0303403
-0.11065
0.0131932
-0.112719
0.0303403
-0.101221
-0.0867538
-0.159168
-0.0301274
-0.053587
0.0586835
-0.0170211
0.0867166
-0.128677
0.124829
-0.0800436
0.137309
-0.0607493
0.132119
-0.0714736
0.0236196
-0.103258
0.19602
-0.132089
0.17562
-0.162297
0.154086
0.0363392
0.053276
-0.118551
0.147231
-0.0187731
0.0796666
-0.0895393
0.0277913
-0.0741867
0.086157
-0.085564
0.00822748
-0.152953
0.0595783
-0.077303
0.0529736
-0.0128404
0.0255496
-0.0753533
0.0628439
-0.0630303
0.0713378
0.12937
0.227393
-0.123593
0.181276
0.030658
0.0484137
0.0739401
0.193749
0.12559
0.205534
0.0277913
0.183854
0.0419517
0.202329
0.0312926
0.201926
0.0394657
0.170533
0.034768
-0.0784759
0.0634351
0.0102198
-0.00355691
0.0508515
0.0366528
0.20633
0.151266
0.184281
0.223679
0.154086
0.029386
0.0115435
0.0413314
-0.0170211
0.0341381
0.0413314
0.0947466
0.143392
0.172089
0.217631
0.0988386
0.105834
0.198682
0.166496
0.194576
0.203735
0.157115
0.0360254
0.0341381
0.0274717
0.0128637
0.00656103
0.0496343
0.14747
0.110078
0.131371
0.209885
0.138778
0.179547
0.143392
0.134846
0.14747
0.159196
0.12912
0.16627
0.00689476
-0.0251296
0.00287494
0.0382176
-0.00185632
0.0490244
0.205135
0.230145
0.180196
0.12912
0.0903357
-0.0831917
0.000176879
0.03853
0.00321116
0.0148372
0.183426
0.151266
0.0710477
0.0583847
0.0287488
0.140241
0.208113
0.206925
0.221803
0.229047
0.210864
0.14315
0.0710477
0.0666721
0.00388294
-0.0114543
0.00656103
0.228864
0.182997
0.201118
0.232327
0.226654
0.237706
0.209098
0.0736517
-0.00938225
0.0366528
0.0177825
0.0216818
0.223865
0.197251
0.142425
0.231057
0.062252
0.1754
0.23142
0.24053
0.203334
0.17562

0.064615
-0.0355349
0.11946
-0.0804362
0.0397772
0.140485
-0.00492156
-0.0505987
0.057188
0.0607686
0.0281107
-0.0142301
0.0939232
0.0350827
0.120746
-0.0420968
0.168969
-0.167696
0.089781
-0.118132
0.133113
-0.126554
0.176278
-0.115212
0.124321
-0.0539617
-0.00423879
-0.136811
0.00321116
-0.156497
0.0816526
-0.053587
0.0833475
-0.0121469
0.0416417
-0.0454079
0.200511
-0.109412
0.181276
0.0565884
0.0631396
-0.141568
0.0643203
-0.0867538
0.057188
-0.0831917
0.134846
-0.0491106
0.18556
-0.0351727
0.0660854
-0.0919374
-0.103258
-0.156497
0.134846
-0.138968
0.125083
-0.160507
0.147708
-0.0835864
0.118171
-0.00287598
0.0730744
-0.0891405
0.0727855
0.0541818
0.147231
-0.080829
-0.0524644
-0.0428309
0.062252
-0.132089
0.0328756
0.0425711
0.0649095
-0.102442
0.0825009
-0.133802
-0.0703149
-0.111891
0.0375923
-0.0812222
0.0535781
0.0666721
0.166721
0.0577868
0.176497
0.0265116
0.154787
0.0474962
0.0684277
-0.0159727
0.100193
-0.00355691
0.130622
-0.0348108
0.0118739
-0.0111084
-0.113964
0.185134
-0.0776937
0.189366
0.142183
0.111132
0.0245856
0.0930981
0.0980235
0.172754
0.0187603
-0.0198271
-0.00423879
0.0344531
0.0366528
0.0164757
0.0631396
0.138289
0.107165
0.175839
-0.0476265
0.157347
0.0538801
0.045348
0.00722831
0.130122
-0.0380773
0.045348
0.00722831
0.213202
-0.0244195
0.225542
0.0416417
0.143633
-0.046516
0.0419517
-0.00492156
-0.00458008
-0.0863569
0.134846
0.140241
0.0922714
-0.0577224
0.21106
0.00119035
0.183854
0.13534
0.153383
0.075379
0.193541
0.0075616
0.205335
0.0271519
0.177371
0.164459
0.0634351
0.155254
0.213202
0.182353
0.0465768
0.126602
0.00589289
0.191043
0.195608
-0.163643
0.0118739
-0.0780847
-0.0337263
-0.137242
-0.0707009
0.178025
0.0941979
-0.115212
0.128869
-0.0584776
0.109286
0.0245856
0.139266
-0.0714736
0.141941
0.13162
0.0382176
-0.0435659
0.0413314
-0.0951501
0.0161484
-0.122329
0.0213581
-0.108588
-0.108176
-0.14899
0.0075616
-0.0322838
0.0631396
-0.0237103
0.0972068
-0.153395
0.131371
-0.0831917
0.136326
-0.0637927
0.136572
-0.0765223
0.0203856
-0.111477
0.180845
-0.137242
0.169193
-0.157831
0.141456
0.000176879
0.0372794
-0.120227
0.146754
-0.0297688
0.064615
-0.091137
0.0236196
-0.0714736
0.0892255
-0.0687735
0.0115435
-0.157831
0.0631396
-0.0887421
0.0422615
0.00622707
0.0245856
-0.0592338
0.0604713
-0.0839814
0.0687196
0.138044
0.207123
-0.116045
0.165592
0.0499389
0.0499389
0.0825009
0.18364
0.125843
0.174961
0.0236196
0.193749
0.0444243
0.213784
0.0207099
0.20752
0.0287488
0.173418
0.0413314
-0.0753533
0.0529736
0.0105511
0.00321116
0.0465768
0.0184346
0.180196
0.148661
0.175839
0.203735
0.151737
0.0499389
0.015821
0.0431896
-0.0212359
0.0181087
0.0397772
0.0930981
0.14747
0.168969
0.207123
0.0906128
0.128617
0.194576
0.163549
0.170087
0.171201
0.148423
0.0403995
0.0125339
0.0316096
0.00186489
-0.0142301
0.0419517
0.148661
0.101004
0.124575
0.207322
0.155254
0.172754
0.138289
0.132119
0.153617
0.181923
0.126854
0.15502
-0.0191242
-0.0476265
-0.020531
0.0210341
-0.0269091
0.0319265
0.201724
0.217057
0.165592
0.105834
0.119203
-0.0800436
-0.0326441
0.0309754
-0.0265527
-0.0180716
0.198273
0.137554
0.0595783
0.0413314
0.00589289
0.114015
0.192919
0.208901
0.220104
0.220104
0.190206
0.126854
0.0669652
0.0487192
-0.00287598
-0.025485
0.0105511
0.209885
0.180196
0.195196
0.229231
0.214364
0.218965
0.198885
0.0631396
-0.00117766
0.0357114
0.0216818
0.0425711
0.216674
0.196841
0.150084
0.217057
0.0592802
0.162181
0.203334
0.215329
0.203535
0.198069

0.0756662
-0.0454079
0.146036
-0.0741867
0.0416417
0.122026
0.00186489
-0.0816155
0.0733632
0.0589819
0.0394657
-0.00560527
0.117136
0.0319265
0.111395
-0.0554629
0.180413
-0.176793
0.0669652
-0.154723
0.140485
-0.135089
0.182782
-0.106122
0.153383
-0.0406317
0.00856009
-0.142436
-0.0251296
-0.132517
0.114276
-0.0615087
0.102889
0.00186489
0.0592802
-0.048368
0.192919
-0.132945
0.175839
0.0583847
0.07624
-0.133802
0.0544833
-0.0784759
0.0770993
-0.102035
0.153617
-0.0494822
0.191461
-0.0409976
0.0933733
-0.10285
-0.0931401
-0.160507
0.165592
-0.138104
0.107696
-0.146798
0.150084
-0.0824031
0.121515
-0.00800554
0.0742283
-0.0887421
0.086157
0.0382176
0.14747
-0.0691585
-0.0487392
-0.0626495
0.0541818
-0.117296
0.04719
0.041021
0.0844736
-0.0963593
0.0974792
-0.138968
-0.0737983
-0.123171
0.0456555
-0.077303
0.0595783
0.0583847
0.164004
0.0643203
0.148423
0.0303403
0.142909
0.0341381
0.0684277
-0.0322838
0.089781
-0.0180716
0.118171
-0.0402661
0.0131932
-0.00766196
-0.103666
0.169193
-0.077303
0.197251
0.163322
0.131371
0.0213581
0.112969
0.0756662
0.176716
0.0252285
-0.0135348
0.00287494
0.0274717
0.0141802
0.00789461
0.0239418
0.134352
0.109286
0.155953
-0.0380773
0.160577
0.0577868
0.041021
-0.0304862
0.109814
-0.0513442
0.0478023
0.00988831
0.213784
-0.0230022
0.234132
0.0610657
0.12559
-0.034449
0.0197361
0.0128637
-0.00423879
-0.0987852
0.133113
0.109286
0.0911664
-0.0765223
0.222742
0.0382176
0.167847
0.129872
0.149136
0.0514588
0.201522
0.0184346
0.199699
0.0197361
0.175839
0.163094
0.057188
0.15432
0.22517
0.17031
0.0502433
0.11946
0.00119035
0.164232
0.204736
-0.145486
0.0216818
-0.0859603
-0.0156237
-0.135519
-0.0487392
0.184067
0.117395
-0.113549
0.146993
-0.0337263
0.134599
0.00988831
0.118945
-0.0796513
0.157115
0.13608
0.0474962
-0.0599911
0.0625481
-0.0907371
0.0197361
-0.114796
0.0366528
-0.106122
-0.0939433
-0.1407
-0.0219417
-0.0417302
0.0637304
-0.00185632
0.0759532
-0.136811
0.13534
-0.077303
0.154787
-0.0653206
0.142183
-0.0637927
0.0357114
-0.109412
0.206131
-0.140267
0.181492
-0.14505
0.135833
0.0372794
0.039154
-0.106943
0.126854
-0.031564
0.0900585
-0.0824031
0.03853
-0.077303
0.0833475
-0.0737983
0.0022018
-0.150748
0.0431896
-0.0691585
0.0403995
0.00555843
0.0284298
-0.0502262
0.0574875
-0.0804362
0.0520653
0.141456
0.209295
-0.118551
0.157115
0.0245856
0.0773853
0.0663789
0.174961
0.118687
0.176934
0.0300224
0.193749
0.00287494
0.21262
0.030658
0.21223
0.0357114
0.164686
0.0338227
-0.0580998
0.0309754
-0.00117766
0.0105511
0.0529736
0.0297043
0.158041
0.139754
0.160577
0.203133
0.124829
0.0592802
0.020061
0.029386
-0.00938225
0.0131932
0.0197361
0.0727855
0.112969
0.163549
0.222179
0.0872755
0.107165
0.171867
0.158273
0.164686
0.163094
0.132367
0.0450403
0.0168027
0.0187603
0.0105511
-0.0142301
0.0369662
0.146275
0.112969
0.112707
0.209885
0.155953
0.179113
0.127107
0.129621
0.151266
0.175181
0.132367
0.141941
-0.0163219
-0.0505987
-0.0230022
0.0220053
-0.0159727
0.0290675
0.207915
0.235567
0.171423
0.106633
0.105033
-0.0824031
-0.0149264
0.0252285
-0.0073186
-0.00594749
0.203936
0.143633
0.0481081
0.0407104
0.00922467
0.147231
0.177589
0.205335
0.226839
0.227945
0.21223
0.123048
0.0643203
0.0407104
0.0095566
-0.0265527
-0.00834938
0.22517
0.178243
0.191043
0.230145
0.210277
0.219914
0.19602
0.0496343
0.0075616
0.0441159
0.0184346
0.0184346
0.211646
0.202329
0.155487
0.221803
0.0502433
0.181707
0.225913
0.232508
0.225542
0.196841

0.0765266
-0.0406317
0.136817
-0.0494822
0.0397772
0.160347
0.00689476
-0.0726348
0.0695941
0.0559879
0.0397772
-0.0233561
0.0917193
0.0350827
0.124575
-0.0577224
0.201522
-0.180926
0.0955683
-0.121487
0.120232
-0.129102
0.181492
-0.109412
0.124829
-0.0584776
0.00321116
-0.12486
-0.00151688
-0.135949
0.0903357
-0.0498541
0.0844736
0.00555843
0.0444243
-0.0319238
0.203936
-0.124437
0.198273
0.0819356
0.0773853
-0.140267
0.0739401
-0.0903376
0.0756662
-0.0757427
0.125336
-0.0435659
0.18556
-0.0454079
0.0886693
-0.125283
-0.102442
-0.143742
0.14747
-0.129102
0.0999228
-0.148112
0.150557
-0.087946
0.104766
-0.000499952
0.0839109
-0.0895393
0.0966614
0.0625481
0.163777
-0.0899383
-0.0461464
-0.0749641
0.0553867
-0.114796
0.0550858
0.0730744
0.0793821
-0.104075
0.0908897
-0.13466
-0.0584776
-0.129954
0.0261911
-0.0749641
0.0710477
0.0666721
0.161723
0.0693028
0.165818
0.041021
0.176716
0.0265116
0.0793821
-0.028337
0.104766
0.00822748
0.145317
-0.0312045
0.0277913
0.00656103
-0.104484
0.177153
-0.0796513
0.181276
0.16964
0.115839
0.0394657
0.1053
0.0908897
0.165818
0.0190858
-0.0222949
-0.000161443
0.0350827
0.0416417
0.0213581
0.0604713
0.152913
0.0878336
0.184708
-0.0476265
0.165818
0.080235
0.0565884
-0.009727
0.13534
-0.0377134
0.0465768
-0.00938225
0.215329
-0.0111084
0.232327
0.0544833
0.161723
-0.046516
0.045348
-0.0244195
0.0108821
-0.0943453
0.141941
0.142667
0.0827833
-0.0741867
0.231602
0.0232972
0.184495
0.132865
0.165818
0.0660854
0.20633
0.04719
0.20831
0.0261911
0.197046
0.171423
0.0574875
0.165366
0.22517
0.18556
0.0574875
0.13951
-0.0135348
0.190834
0.205335
-0.158276
0.0245856
-0.0592338
-0.0219417
-0.141134
-0.0695437
0.185985
0.103426
-0.13038
0.142667
-0.0630303
0.123558
0.0422615
0.132616
-0.0827973
0.149373
0.14747
0.0456555
-0.0380773
0.0508515
-0.110237
0.0252285
-0.111063
0.0242638
-0.131661
-0.107765
-0.156497
0.00119035
-0.0550872
0.0881123
-0.017371
0.0914429
-0.132945
0.148898
-0.0569682
0.144115
-0.0565915
0.142909
-0.0691585
0.0341381
-0.116462
0.199089
-0.138104
0.180413
-0.153395
0.165592
0.0425711
0.0526711
-0.126978
0.138044
-0.00903776
0.0886693
-0.0947475
0.0316096
-0.0734102
0.102082
-0.0699291
0.0277913
-0.147236
0.0681356
-0.0835864
0.064615
0.0112129
0.032243
-0.0757427
0.0444243
-0.0634114
0.0598762
0.145796
0.234132
-0.109412
0.183211
0.0325594
0.0765266
0.0853161
0.187046
0.135093
0.189996
0.0450403
0.187046
0.0478023
0.206925
0.0400884
0.202329
0.0616592
0.174741
0.0459628
-0.0498541
0.045348
0.0128637
0.0108821
0.0441159
0.029386
0.187469
0.142425
0.176497
0.219345
0.142183
0.0523683
0.0331915
0.0403995
0.00589289
0.0403995
0.0431896
0.0875546
0.131122
0.161952
0.218394
0.109286
0.0988386
0.192503
0.159887
0.179547
0.173418
0.149136
0.0520653
0.0223286
0.0350827
0.0297043
0.00689476
0.0407104
0.155487
0.100464
0.133113
0.216866
0.139998
0.176278
0.145796
0.129621
0.154553
0.176934
0.115319
0.164912
-0.00185632
-0.0159727
-0.0156237
0.0319265
0.0022018
0.0363392
0.208113
0.232689
0.171867
0.120489
0.111658
-0.0687735
-0.000499952
0.0366528
-0.00253587
-0.00423879
0.193541
0.121259
0.0529736
0.0493294
0.00922467
0.138533
0.212036
0.216866
0.219155
0.231238
0.209885
0.141941
0.0675508
0.0459628
-0.00628989
-0.00869345
0.0052238
0.217822
0.191252
0.210669
0.230692
0.227393
0.232689
0.208901
0.0565884
-0.0142301
0.04719
0.015821
0.0274717
0.231783
0.192503
0.148185
0.240178
0.0690113
0.175839
0.233412
0.241231
0.214751
0.190625

0.0844736
-0.0191242
0.147947
-0.0730224
0.0508515
0.146754
0.0145088
-0.0824031
0.0672581
0.0867166
0.0372794
-0.0312045
0.103426
0.0277913
0.13162
-0.0388059
0.184921
-0.177709
0.109021
-0.135949
0.12559
-0.126554
0.199089
-0.108588
0.136572
-0.048368
0.0105511
-0.129954
-0.00903776
-0.151189
0.0895034
-0.0599911
0.0941979
-0.00526329
0.0556874
-0.0272657
0.200105
-0.127402
0.188314
0.0669652
0.0886693
-0.138536
0.0695941
-0.0875483
0.0724964
-0.0710872
0.136817
-0.0333653
0.192711
-0.0380773
0.0858769
-0.111891
-0.0971668
-0.15561
0.140728
-0.133373
0.132119
-0.166342
0.156418
-0.0804362
0.121515
-0.00151688
0.0844736
-0.0871509
0.108492
0.0695941
0.146275
-0.0824031
-0.0304862
-0.0672363
0.0695941
-0.113964
0.0465768
0.0669652
0.0816526
-0.105302
0.101813
-0.144613
-0.0769125
-0.109
0.0422615
-0.0649383
0.07624
0.0930981
0.179113
0.0796666
0.174301
0.0353971
0.175181
0.0360254
0.076813
-0.0124935
0.110342
-0.00594749
0.140728
-0.0428309
0.0203856
0.012204
-0.092338
0.181707
-0.0660861
0.192503
0.162866
0.139754
0.0413314
0.11946
0.104766
0.168296
0.0338227
-0.009727
0.00589289
0.0428805
0.0363392
0.0297043
0.0796666
0.155487
0.127107
0.174741
-0.0554629
0.169416
0.0805189
0.0604713
0.0177825
0.15103
-0.0569682
0.0613626
0.0187603
0.215906
-0.0138824
0.223492
0.0416417
0.161494
-0.0539617
0.0400884
0.000176879
0.0297043
-0.103258
0.146275
0.150321
0.102889
-0.0883439
0.226839
0.0223286
0.193541
0.15432
0.172311
0.0895034
0.211451
0.032243
0.209295
0.0309754
0.189577
0.182138
0.0819356
0.169863
0.222555
0.186622
0.0637304
0.147231
-0.00628989
0.195608
0.208113
-0.152071
0.0177825
-0.0883439
-0.0326441
-0.129954
-0.0577224
0.179113
0.113492
-0.115212
0.152678
-0.0592338
0.124321
0.0372794
0.146036
-0.0835864
0.163549
0.156186
0.0375923
-0.036623
0.0640254
-0.103666
0.0328756
-0.112305
0.0255496
-0.121908
-0.108176
-0.152071
-0.0212359
-0.0827973
0.0719175
-0.0208833
0.112969
-0.132945
0.152208
-0.0812222
0.140728
-0.0279797
0.143633
-0.0831917
0.0538801
-0.115628
0.201724
-0.143306
0.179547
-0.148551
0.157347
0.0419517
0.0666721
-0.127402
0.154787
-0.0247744
0.104498
-0.0847722
0.0265116
-0.0730224
0.102621
-0.0788675
-0.00083867
-0.15428
0.0562883
-0.0776937
0.062252
-0.00321635
0.0344531
-0.0687735
0.0678433
-0.0769125
0.0514588
0.139754
0.213784
-0.128251
0.1754
0.0422615
0.0666721
0.0839109
0.195196
0.133609
0.187258
0.0444243
0.196636
0.0438074
0.205135
0.0487192
0.210669
0.0502433
0.182782
0.0562883
-0.0703149
0.0616592
0.00186489
0.00988831
0.0447324
0.0177825
0.200308
0.144596
0.185985
0.21223
0.15432
0.0397772
0.0174562
0.0434986
-0.0159727
0.0223286
0.053276
0.102082
0.133361
0.182568
0.214364
0.118687
0.123048
0.204336
0.188314
0.191043
0.19602
0.158504
0.0403995
0.0148372
0.0419517
0.0141802
0.00789461
0.0505474
0.158504
0.108492
0.14315
0.207717
0.162866
0.184281
0.145077
0.122282
0.163322
0.184921
0.13951
0.159887
0.00253848
-0.0219417
-0.00766196
0.0388421
0.0141802
0.0613626
0.193334
0.22517
0.158966
0.1061
0.110342
-0.0737983
0.00321116
0.0553867
0.0161484
-0.00083867
0.205135
0.145077
0.0742283
0.0631396
0.0168027
0.139998
0.202731
0.208901
0.227023
0.224425
0.210669
0.151973
0.0839109
0.072207
0.0022018
-0.017371
0.00922467
0.221049
0.182782
0.199496
0.237883
0.217631
0.228681
0.198069
0.0869961
-0.00697548
0.0407104
0.0210341
0.0419517
0.213784
0.203936
0.165139
0.228313
0.0858769
0.170978
0.218013
0.228864
0.208901
0.215329

0.0844736
-0.0391706
0.14315
-0.0653206
0.0438074
0.123303
-0.00663257
-0.0487392
0.0613626
0.0684277
0.0372794
-0.0569682
0.0867166
0.0258705
0.109814
-0.0528384
0.190834
-0.166342
0.0839109
-0.132517
0.127359
-0.142002
0.181923
-0.0927389
0.12937
-0.0580998
-0.00492156
-0.133373
-0.0191242
-0.135089
0.0928227
-0.0565915
0.0819356
-0.00560527
0.0710477
-0.0384415
0.193956
-0.138968
0.189156
0.0779568
0.0704668
-0.129102
0.0716277
-0.0935416
0.0559879
-0.0737983
0.127611
-0.0399007
0.181061
-0.0543366
0.0858769
-0.091537
-0.0827973
-0.152512
0.145317
-0.132517
0.123303
-0.162297
0.150084
-0.0843767
0.0972068
0.0128637
0.0816526
-0.077303
0.074804
0.0637304
0.153148
-0.0895393
-0.0362601
-0.112305
0.0484137
-0.132517
0.0444243
0.0300224
0.0640254
-0.107354
0.0886693
-0.136811
-0.0657032
-0.11438
0.04719
-0.0983802
0.0619557
0.0660854
0.175181
0.0652038
0.16852
0.0490244
0.160577
0.0300224
0.0782422
-0.0351727
0.114798
-0.0159727
0.149136
-0.0406317
0.0112129
-0.00151688
-0.092338
0.17408
-0.0776937
0.177371
0.146036
0.116877
0.0382176
0.0908897
0.0988386
0.164912
0.0213581
-0.0166714
0.0115435
0.0239418
0.0184346
0.0115435
0.0514588
0.141456
0.123303
0.165592
-0.0547118
0.159657
0.0836293
0.0297043
-0.0269091
0.136572
-0.0664693
0.0444243
-0.017371
0.214943
-0.0142301
0.230692
0.0577868
0.148661
-0.0611289
0.015821
-0.0118005
0.0145088
-0.108588
0.141699
0.144115
0.103158
-0.0939433
0.224612
0.00589289
0.162409
0.146036
0.156418
0.0759532
0.214364
0.0350827
0.211255
0.0338227
0.192503
0.164459
0.0830655
0.150793
0.219535
0.167847
0.0613626
0.124321
-0.00253587
0.174301
0.192503
-0.153838
0.0297043
-0.106122
-0.0230022
-0.13638
-0.0494822
0.171423
0.105033
-0.122329
0.154086
-0.0687735
0.117136
0.0242638
0.125843
-0.0871509
0.141699
0.132865
0.0372794
-0.0596123
0.0526711
-0.0979754
0.0131932
-0.12275
0.0249071
-0.124015
-0.106943
-0.137242
0.00589289
-0.0607493
0.0508515
-0.020179
0.0906128
-0.141134
0.150793
-0.0695437
0.141214
-0.0554629
0.142667
-0.0630303
0.0369662
-0.131234
0.191043
-0.118969
0.171201
-0.153838
0.15572
0.0245856
0.0255496
-0.121487
0.144837
-0.0388059
0.0813695
-0.0863569
0.0281107
-0.0887421
0.0839109
-0.0718604
0.00822748
-0.153395
0.0550858
-0.0761324
0.0468835
-0.0244195
0.0151653
-0.0558388
0.0586835
-0.0947475
0.0465768
0.138778
0.218584
-0.130807
0.192711
0.0309754
0.0586835
0.0654978
0.183211
0.127611
0.180196
0.0353971
0.18556
0.0271519
0.209885
0.0553867
0.204536
0.0520653
0.167622
0.0450403
-0.0524644
0.0505474
0.00988831
0.00622707
0.0360254
0.0135224
0.188314
0.139266
0.19167
0.213202
0.153851
0.0520653
0.0181087
0.0316096
-0.028337
0.0300224
0.0300224
0.0816526
0.128617
0.17408
0.220671
0.0972068
0.119203
0.199902
0.162181
0.180629
0.189996
0.151502
0.0353971
0.0141802
0.0223286
-0.00321635
0.0052238
0.0604713
0.154086
0.1061
0.130872
0.215136
0.141941
0.179113
0.135587
0.132119
0.148898
0.167172
0.162409
0.167847
-0.00083867
-0.0272657
-0.020179
0.0413314
0.00455384
0.0613626
0.199293
0.228313
0.175181
0.113754
0.100193
-0.0737983
0.000176879
0.0529736
-0.00423879
0.000852753
0.210081
0.145557
0.074804
0.0511552
0.0112129
0.132367
0.204736
0.204936
0.235388
0.222742
0.208704
0.140971
0.0822183
0.0604713
-0.00423879
-0.0219417
0.00822748
0.218584
0.178025
0.203334
0.221237
0.227393
0.237706
0.209688
0.0756662
-0.00628989
0.0375923
0.0174562
0.0138514
0.216482
0.205335
0.156418
0.232689
0.0889475
0.1754
0.222367
0.229231
0.194576
0.193956

0.0779568
-0.0439338
0.12559
-0.0573451
0.0505474
0.142425
0.00488893
-0.0573451
0.0556874
0.0369662
0.0203856
-0.0409976
0.0933733
0.0363392
0.0974792
-0.046886
0.161723
-0.173139
0.0779568
-0.120647
0.116618
-0.135519
0.171423
-0.116462
0.128617
-0.0596123
0.0022018
-0.124015
-0.015275
-0.138536
0.0833475
-0.0753533
0.0936484
-0.0191242
0.0598762
-0.0369863
0.197865
-0.123593
0.159657
0.0444243
0.0844736
-0.123171
0.0637304
-0.0983802
0.0713378
-0.0680044
0.123303
-0.045039
0.176497
-0.0431983
0.0613626
-0.0967629
-0.0995959
-0.174507
0.136326
-0.121487
0.112445
-0.137242
0.135833
-0.0796513
0.0855966
-0.00423879
0.062252
-0.0987852
0.0810862
0.0338227
0.144837
-0.0695437
-0.0454079
-0.0626495
0.0508515
-0.127827
0.0407104
0.0553867
0.0607686
-0.106122
0.0739401
-0.128251
-0.0753533
-0.13638
0.0277913
-0.0843767
0.0836293
0.0640254
0.168745
0.0438074
0.158966
0.0428805
0.148661
0.0508515
0.0610657
-0.0279797
0.0930981
0.0075616
0.140971
-0.045777
0.0181087
-0.00219596
-0.106943
0.177371
-0.0831917
0.183211
0.160117
0.132616
0.0258705
0.0955683
0.0790974
0.178461
0.0277913
-0.0286946
0.00856009
0.0447324
0.0341381
0.0138514
0.0325594
0.146993
0.117913
0.156883
-0.0297688
0.150557
0.0770993
0.0474962
-0.0279797
0.138533
-0.0502262
0.0363392
0.00051493
0.216098
-0.0319238
0.228681
0.039154
0.152678
-0.0487392
0.0493294
-0.0187731
0.0141802
-0.0749641
0.141456
0.140971
0.103695
-0.0528384
0.225542
0.019411
0.184495
0.144356
0.167622
0.0903357
0.205733
0.0441159
0.208901
0.0161484
0.181923
0.176716
0.0681356
0.169193
0.225356
0.190206
0.0634351
0.139266
0.0131932
0.18641
0.206727
-0.139834
0.0226517
-0.080829
-0.020179
-0.133802
-0.0558388
0.176716
0.101004
-0.122329
0.15432
-0.0653206
0.103695
0.0197361
0.110342
-0.111477
0.150321
0.140241
0.0394657
-0.0657032
0.0654978
-0.0863569
0.03853
-0.121487
0.030658
-0.121908
-0.103666
-0.144613
-0.00458008
-0.0351727
0.0793821
-0.0107627
0.0822183
-0.131234
0.126349
-0.0660861
0.132367
-0.0539617
0.125843
-0.0707009
0.034768
-0.112719
0.186834
-0.135949
0.174741
-0.14636
0.140971
0.0511552
0.0331915
-0.121908
0.146754
-0.00287598
0.0805189
-0.0887421
0.0277913
-0.0687735
0.0911664
-0.0734102
0.0203856
-0.152512
0.0640254
-0.0824031
0.0678433
-0.0215886
0.0229745
-0.0660861
0.0508515
-0.0680044
0.0487192
0.131371
0.221991
-0.100408
0.168969
0.0300224
0.0441159
0.0713378
0.193541
0.140971
0.1754
0.0493294
0.184281
0.0331915
0.202329
0.0325594
0.211255
0.0372794
0.17998
0.0379051
-0.0664693
0.0375923
0.00488893
0.00988831
0.0441159
0.0216818
0.185134
0.153148
0.168745
0.217822
0.13534
0.0568883
0.032243
0.0338227
-0.0251296
0.0177825
0.0490244
0.0805189
0.114276
0.167622
0.210864
0.0982954
0.111132
0.195196
0.163777
0.166721
0.179763
0.144837
0.0397772
0.020061
0.0290675
0.00186489
0.00488893
0.053276
0.154787
0.111658
0.126096
0.202932
0.148423
0.162866
0.130872
0.133857
0.152208
0.173859
0.150321
0.161036
-0.00869345
-0.0491106
-0.0215886
0.0394657
-0.009727
0.0601739
0.205932
0.223679
0.164232
0.105834
0.0982954
-0.0769125
-0.0107627
0.0610657
-0.0177212
-0.0073186
0.198478
0.128617
0.0719175
0.0413314
0.0131932
0.134352
0.191878
0.204136
0.229414
0.225542
0.199902
0.132865
0.0765266
0.0431896
0.00421852
-0.0304862
0.00186489
0.225913
0.17562
0.201926
0.224612
0.22086
0.231965
0.200916
0.0580859
-0.00253587
0.0388421
0.0171295
0.0444243
0.216098
0.199496
0.165592
0.224052
0.064615
0.169193
0.221049
0.221614
0.201522
0.187469

0.0825009
-0.0351727
0.146275
-0.0607493
0.0357114
0.140241
0.000852753
-0.0741867
0.0669652
0.075379
0.0325594
-0.0388059
0.107431
0.0197361
0.113492
-0.0322838
0.188314
-0.178168
0.0836293
-0.137242
0.139998
-0.149868
0.190206
-0.0979754
0.135587
-0.0599911
0.00455384
-0.135519
0.00622707
-0.133373
0.0950207
-0.0691585
0.0969342
-0.00869345
0.0547847
-0.0290524
0.203535
-0.122329
0.194163
0.0481081
0.0793821
-0.128677
0.0511552
-0.0883439
0.0601739
-0.0722475
0.141214
-0.0304862
0.19602
-0.053587
0.0941979
-0.092338
-0.0907371
-0.148112
0.149373
-0.136811
0.128114
-0.147236
0.142909
-0.0827973
0.104498
-0.0187731
0.0730744
-0.0971668
0.0900585
0.0619557
0.153851
-0.0847722
-0.0358974
-0.0680044
0.0565884
-0.12613
0.0502433
0.0553867
0.0704668
-0.106122
0.0756662
-0.141568
-0.0543366
-0.124015
0.0511552
-0.0543366
0.0574875
0.0733632
0.182353
0.0652038
0.182353
0.0478023
0.166044
0.0511552
0.0707573
-0.0420968
0.101813
-0.0269091
0.149136
-0.028337
0.0187603
-0.00834938
-0.101221
0.204936
-0.0741867
0.188103
0.149847
0.118429
0.0535781
0.111658
0.0911664
0.178678
0.0407104
-0.0297688
0.0138514
0.0487192
0.041021
0.00253848
0.0577868
0.15781
0.113492
0.18364
-0.0247744
0.177371
0.0881123
0.0589819
0.00287494
0.138044
-0.0524644
0.0695941
0.00051493
0.210081
-0.0184222
0.225542
0.062252
0.137554
-0.0607493
0.0535781
-0.0198271
0.012204
-0.103666
0.147947
0.160577
0.100734
-0.0653206
0.231602
0.0102198
0.182782
0.144356
0.167622
0.0985671
0.204336
0.0309754
0.213396
0.0514588
0.204536
0.171423
0.0672581
0.167847
0.236104
0.182138
0.0704668
0.133361
-0.0107627
0.192919
0.218394
-0.152512
0.00822748
-0.0630303
-0.0286946
-0.13638
-0.0645562
0.176716
0.102889
-0.13038
0.15432
-0.0703149
0.131122
0.0379051
0.124067
-0.0769125
0.148661
0.153383
0.0459628
-0.045777
0.0660854
-0.114796
0.0148372
-0.0983802
0.0236196
-0.113134
-0.0875483
-0.145486
0.00186489
-0.0454079
0.0739401
-0.0191242
0.107165
-0.152512
0.142183
-0.0730224
0.138778
-0.0569682
0.117136
-0.0788675
0.0309754
-0.102442
0.191461
-0.124015
0.197456
-0.135519
0.156186
0.0422615
0.0704668
-0.127402
0.148898
-0.00594749
0.0919954
-0.062269
0.0297043
-0.0649383
0.0827833
-0.0769125
0.00622707
-0.15561
0.0693028
-0.0843767
0.0360254
0.00321116
0.0249071
-0.062269
0.0698852
-0.0592338
0.0550858
0.143633
0.219155
-0.127827
0.182782
0.0331915
0.0562883
0.0663789
0.198682
0.132616
0.20132
0.039154
0.193749
0.0553867
0.210473
0.0438074
0.214943
0.0508515
0.174521
0.0353971
-0.0899383
0.0649095
0.00421852
0.00421852
0.0535781
0.0203856
0.197046
0.160807
0.19602
0.233051
0.145317
0.0369662
0.0135224
0.045348
-0.0212359
0.0372794
0.0640254
0.0819356
0.148423
0.173418
0.224425
0.107962
0.118945
0.200105
0.179113
0.184495
0.196431
0.152208
0.0300224
0.0245856
0.0245856
0.0138514
0.00388294
0.0592802
0.150321
0.121259
0.12559
0.224612
0.148661
0.200308
0.13951
0.153383
0.167172
0.188525
0.145077
0.163094
-0.00151688
-0.0237103
-0.00321635
0.0309754
0.0102198
0.0604713
0.202329
0.240705
0.179547
0.123303
0.118945
-0.0792593
-0.0156237
0.0553867
0.0112129
0.0138514
0.204736
0.154553
0.0693028
0.0568883
0.0232972
0.133361
0.211451
0.210277
0.215906
0.230145
0.214557
0.142425
0.0770993
0.0631396
0.00119035
-0.0121469
-0.00117766
0.221991
0.183211
0.217248
0.242105
0.21629
0.22086
0.188735
0.0788125
-0.00185632
0.0529736
0.00622707
0.0168027
0.218013
0.204136
0.159887
0.243671
0.0836293
0.178895
0.226469
0.238237
0.219724
0.213008

