0.0631396
0.146036
0.039154
0.130872
-0.128677
0.162866
0.119975
0.0397772
-0.119807
-0.0634114
0.119975
0.100734
-0.0528384
-0.164991
0.0328756
0.04719
0.0239418
0.182997
0.030658
0.14315
0.0574875
0.102082
0.0403995
0.146754
0.0529736
0.128114
0.121515
0.0950207
-0.00663257
0.146515
0.0444243
0.0493294
0.133857
0.0592802
0.0930981
0.0229745
0.15432
0.075379
0.118687
-0.111477
0.10955
0.0928227
0.0541818
-0.0765223
0.111658
-0.102442
0.111132
0.111132
0.136817
-0.0611289
0.0598762
0.0980235
0.106633
-0.0304862
0.0075616
0.0765266
0.0245856
-0.0226484
-0.0745753
0.0713378
-0.0741867
0.163094
0.0397772
0.0972068
0.161036
0.157115
0.0825009
0.00321116
0.0853161
0.109286
0.120232
0.138289
0.0562883
0.0637304
0.146036
0.0249071
0.106899
0.158966
0.0274717
0.155487
0.0675508
-0.109824
0.0996521
0.145317
0.0261911
0.140485
0.0239418
0.158273
0.0883909
0.163777
0.0499389
0.0889475
0.0328756
0.0529736
0.0853161
0.0947466
0.13162
0.0403995
0.134352
-0.0128404
0.00589289
0.107165
0.0727855
0.15103
0.0607686
0.0773853
0.0428805
0.123303
0.144596
0.121002
0.114798
-0.0543366
0.124575
0.129872
0.0716277
0.0394657
0.16627
0.0785275
0.162409
0.103963
-0.0487392
0.152443
0.150321
0.0287488
0.143874
-0.0118005
0.0980235
0.144115
0.110078
0.0229745
0.076813
0.0407104
0.0944723
0.118429
0.0739401
0.07624
0.13608
0.152678
0.13951
0.0465768
0.0484137
0.132367
0.149136
0.15781
0.0604713
-0.0384415
0.0478023
0.00455384
0.0562883
0.107165
0.0672581
0.0972068
0.0161484
-0.0726348
0.00421852
0.00822748
0.0933733
0.0892255
0.152443
0.00152771
0.101004
0.0830655
0.0210341
0.160807
0.107431
0.0936484
0.140485
0.139998
0.163094
0.117136
0.146036
0.126349
0.0220053
0.0450403
0.133113
0.0649095
0.134352
-0.0599911
0.0613626
0.0523683
0.0808026
0.118945
0.0400884
0.127107
0.15665
0.0556874
-0.0887421
-0.00492156
0.103695
0.139266
0.0988386
0.117136
0.118945
-0.0487392
0.0538801
0.0684277
0.122793
0.0917193
0.0933733
0.0223286
0.0947466
0.119975
0.117654
0.0883909
0.0115435
0.132367
-0.0380773
0.0203856
0.158735
0.101004
0.161952
0.03853
-0.000499952
0.104498
0.116358
0.012204
0.138044
0.134846
0.0413314
0.148185
-0.0947475
-0.0121469
0.0484137
-0.0191242
0.102352
0.0825009
0.156186
0.0592802
-0.221234
0.045348
0.0456555
-0.0330046
0.107165
0.163094
0.141214
0.0592802
0.0242638
0.00051493
0.0833475
0.0637304
0.147708
0.153617
0.109286
-0.0128404
0.116618
-0.0308452
0.16627
-0.160507
0.0216818
0.118429
0.115579
0.15103
0.120489
0.162409
-0.0290524
0.122793
0.109814
0.129872
-0.0472561
-0.044302
0.0704668
0.0151653
0.140728
0.0431896
0.146036
0.0428805
-0.0124935
0.0328756
0.0724964
0.0357114
-0.0198271
0.102082
0.121002
0.0403995
0.10955
0.0574875
0.165592
0.145077
0.0394657
0.00119035
0.13534
0.122026
0.0889475
0.0977515
0.112445
0.0474962
-0.0757427
0.0213581
0.0810862
0.13951
0.0872755
0.13534
-0.00083867
0.04719
-0.048368
0.109021
0.0210341
0.0917193
0.0678433
0.00656103
-0.0233561
0.139266
0.0858769
0.00689476
0.0853161
0.131122
0.0634351
0.0727855
0.00388294
0.0830655
0.114537
0.0867166
0.120232
0.108227
0.030658
0.17562
0.057188
0.1053
0.121515
-0.0135348
0.0538801
0.167397
0.143392
0.0325594
0.107962
0.0663789
0.128869
0.103426
0.030658
0.106899
-0.0517174
0.116877
-0.0286946
0.0782422
0.144356
0.0151653
-0.0142301
0.158966
0.0739401
0.0892255
0.120489
0.104498
0.0598762
0.157578
0.0550858
0.0704668
0.102082
0.030658
0.113231
0.0277913
0.108227
0.152913
0.0816526
0.124321
0.0511552
0.0917193
0.0610657
-0.00287598
0.0684277
0.0249071
0.0138514
0.0407104
-0.0290524
0.0300224
0.0669652
0.130372
0.167172
0.112445
0.117913
0.0595783
-0.17132
-0.133373
0.12937
0.139998
0.080235
-0.0577224
0.13162
0.127611
0.0499389
0.00455384
0.125843
0.0850354
0.0161484
0.032243
0.120232
0.0925472
0.142425
0.0281107
-0.0107627
0.111658
0.0869961
0.0577868
-0.0322838
0.0690113
0.0980235
-0.0718604
0.0428805
0.122538
0.0936484
0.0936484
0.147947
0.0379051
0.122282
0.139022
0.0872755
0.0892255
0.139998
0.111395
-0.031564
-0.0979754
0.0830655
0.138778
-0.0626495
0.121515
0.104498
-0.0399007
0.0586835
0.109021
0.0438074
0.128617
0.053276
0.132367
0.0672581
0.15781
0.0559879
0.0535781
-0.0630303
0.0858769
0.0733632
0.076813
0.00589289
0.114015
0.13162
0.136326
0.0131932
0.0223286
0.120746
0.146275
0.0634351
0.0988386
0.0520653
0.149847
0.164004
0.0922714
0.154553
-0.180926
0.121002
0.133361
0.141941
0.160117
0.0684277
0.126602
0.0892255
-0.107354
0.124829
0.110868
0.00822748
0.167172
-0.0409976
-0.0603701
-0.0073186
0.0765266
0.0672581
0.145317
0.0341381
0.0684277
0.102621
0.146754
0.0407104
0.0562883
0.076813
0.119718
0.124321
0.110605
0.130622
0.0456555
0.0759532
0.100193
0.0878336
0.0400884
0.0474962
0.132616
0.14961
0.110868
-0.00903776
0.0517622
-0.0683888
-0.104893
0.164232
-0.0124935
0.138533
0.122026
0.133113
0.0075616
-0.0907371
0.0303403
0.165818
0.137799
-0.0191242
0.0592802
0.109021
0.160807
-0.0194755
0.106899
0.116358
0.128869
0.0710477
0.0955683
0.0562883
0.0465768
0.116877
0.0271519
0.034768
0.12912
0.125083
0.123303
0.019411
0.111658
0.0950207
-0.106122
0.102889
0.159657
-0.0687735
0.0988386
0.116099
0.102621
0.0822183
0.104766
0.114537
0.114798
0.125843
0.0592802
0.0245856
0.0444243
0.0190858
0.0350827
0.114276
-0.0765223
0.0657917
0.0335073
0.0357114
0.128114
0.00488893
0.0917193
0.148423
0.0541818
-0.0618887
0.121002
0.0589819
0.029386
0.140241
0.146036
0.0413314
0.160347
0.140241
0.0505474
0.128366
0.0765266
0.0277913
0.148423
0.0684277
0.0213581
0.151266
0.128869
0.135587
0.0928227
0.1061
0.0481081
0.127611
0.130122
0.130872
0.0724964
0.146275
0.122026
-0.00697548
0.101544
0.0372794
0.0574875
0.145317
-0.0749641
0.0284298
0.144837
0.0419517
0.125083
-0.0847722
0.103158
0.1053
0.148423
-0.0180716
0.0075616
-0.0149264
0.053276
0.134599
-0.0351727
0.0559879
0.0366528
0.0226517
0.0478023
0.0643203
0.0669652
0.13951
0.041021
0.1061
0.0325594
-0.00423879
0.109021
-0.0634114
0.0707573
0.0517622
0.053276
0.134599
0.0724964
-0.00869345
0.102889
0.0690113
0.164004
0.101813
0.0465768
-0.0226484
0.0416417
0.120489
-0.0476265
-0.0668526
0.0782422
0.118945
0.0930981
0.124321
0.115839
0.123558
0.132616
0.11946
0.146754
0.142425
0.0508515
0.137063
0.151737
0.115579
0.135587
0.0844736
0.0529736
0.120746
0.153148
0.11946
0.0357114
0.116877
-0.0355349
0.0583847
0.0607686
0.0958419
0.127863
0.115058
0.152678
0.158504
0.127611
0.114015
-0.0596123
0.0652038
-0.010072
0.0444243
0.0095566
0.0739401
-0.0714736
-0.0073186
0.0719175
0.119718
0.113492
0.00589289
0.113231
0.0819356
0.0779568
0.0565884
0.120489
0.0223286
-0.0573451
-0.00594749
0.0881123
0.072207
0.147947
0.0980235
0.0441159
0.0672581
0.039154
0.0687196
0.15103
-0.114796
0.11192
0.10955
0.12559
0.0517622
0.00152771
0.0939232
0.0187603
0.0944723
0.0559879
0.121515
-0.0710872
0.118687
0.0508515
0.0930981
0.0416417
0.117913
0.0790974
0.0108821
0.0303403
0.115839
0.109286
-0.0726348
0.0105511
0.10423
0.103695
-0.0166714
0.121259
0.0919954
0.0388421
0.141214
-0.0326441
0.0428805
0.0220053
0.102889
0.0966614
0.145796
0.0867166
0.116358
0.0919954
0.127359
0.111658
0.129872
0.132367
0.0580859
0.101274
0.141214
0.127611
0.0232972
0.117395
0.0502433
0.158041
0.0941979
0.0847546
0.0952946
0.12559
0.020061
0.128366
0.128366
0.0716277
-0.0149264
0.0756662
0.0271519
-0.00389773
0.057188
0.0625481
0.020061
0.139998
0.161036
-0.0895393
0.0944723
0.0353971
0.0999228
0.103695
0.145317
-0.00697548
0.112183
0.0447324
0.0833475
-0.0380773
0.163322
0.133857
0.103695
0.154787

0.0776711
0.13162
0.0487192
0.122793
-0.117296
0.151266
0.101544
0.0290675
-0.129954
-0.053587
0.108492
0.0928227
-0.0547118
-0.152071
0.0232972
0.0344531
0.0148372
0.173418
0.0242638
0.126096
0.0514588
0.0928227
0.0444243
0.145796
0.0416417
0.117395
0.112969
0.0847546
0.000176879
0.128114
0.0544833
0.0468835
0.123812
0.0649095
0.101274
0.0181087
0.139266
0.076813
0.0939232
-0.0649383
0.0963884
0.0977515
0.0416417
-0.0660861
0.1061
-0.100408
0.109021
0.106633
0.121515
-0.0660861
0.0474962
0.101813
0.108227
-0.015275
0.0115435
0.0733632
0.0112129
-0.0358974
-0.0714736
0.0657917
-0.0891405
0.161723
0.0580859
0.0850354
0.158735
0.147708
0.0799509
-0.00834938
0.089781
0.114798
0.103158
0.116358
0.0687196
0.0550858
0.139266
0.000176879
0.0950207
0.143874
0.0226517
0.152443
0.0869961
-0.0971668
0.0759532
0.146036
0.00186489
0.126854
0.0312926
0.14961
0.0779568
0.155487
0.0438074
0.106633
0.020061
0.0493294
0.0562883
0.0825009
0.128869
0.0568883
0.133609
-0.0180716
-0.0128404
0.101004
0.0776711
0.144356
0.0431896
0.062252
0.0631396
0.108227
0.133113
0.125336
0.11192
-0.0707009
0.130872
0.112707
0.0678433
0.0397772
0.150321
0.0580859
0.146754
0.101813
-0.0487392
0.141456
0.159427
0.000176879
0.161036
-0.0539617
0.0972068
0.14747
0.106367
0.0151653
0.0733632
0.0338227
0.0847546
0.102082
0.086157
0.0875546
0.123303
0.142909
0.121515
0.0325594
0.0535781
0.115579
0.13951
0.148185
0.0577868
-0.0265527
0.029386
0.0022018
0.0372794
0.104498
0.0819356
0.104766
0.0177825
-0.0543366
-0.00594749
0.000176879
0.0827833
0.0649095
0.144837
0.0177825
0.0908897
0.0619557
0.0115435
0.153851
0.100193
0.0839109
0.134846
0.129872
0.143874
0.101004
0.133113
0.125843
0.0052238
0.0366528
0.111132
0.0640254
0.117395
-0.0569682
0.0428805
0.0511552
0.0660854
0.114015
0.0511552
0.124829
0.135093
0.0541818
-0.0939433
-0.00458008
0.0847546
0.118429
0.0925472
0.0982954
0.121259
-0.0528384
0.0637304
0.0672581
0.104498
0.0900585
0.0684277
0.0316096
0.0654978
0.117136
0.105567
0.0928227
0.0274717
0.128366
-0.0333653
0.0108821
0.137554
0.0872755
0.155953
0.0484137
0.00152771
0.0947466
0.115058
-0.00287598
0.125083
0.129621
0.0249071
0.138778
-0.0963593
-0.0351727
0.0450403
-0.0073186
0.114537
0.0869961
0.137063
0.0631396
-0.210098
0.0456555
0.0481081
-0.0584776
0.0872755
0.139022
0.144356
0.0610657
0.0465768
0.0174562
0.0649095
0.0598762
0.139754
0.139998
0.0958419
-0.0184222
0.101813
-0.0373497
0.161036
-0.156497
0.00722831
0.125336
0.0985671
0.139022
0.110342
0.152678
-0.0380773
0.117654
0.102082
0.132616
-0.0428309
-0.0145782
0.072207
0.00555843
0.13608
0.03853
0.148185
0.0335073
-0.020531
0.0274717
0.0649095
0.0303403
-0.0138824
0.0925472
0.117654
0.0520653
0.0925472
0.0565884
0.153851
0.141214
0.0431896
-0.00560527
0.122282
0.122282
0.0980235
0.0799509
0.107431
0.0553867
-0.0835864
0.0148372
0.103695
0.110868
0.0810862
0.10955
0.0171295
0.0541818
-0.0384415
0.100464
0.0171295
0.0974792
0.0601739
0.0168027
-0.0135348
0.124321
0.0640254
0.00589289
0.0724964
0.112183
0.0441159
0.0672581
-0.00492156
0.0719175
0.107962
0.075379
0.108492
0.104766
0.0379051
0.162409
0.0505474
0.10423
0.0941979
-0.00628989
0.0613626
0.168745
0.138533
0.0490244
0.116099
0.0710477
0.116618
0.0875546
0.0203856
0.103963
-0.0391706
0.114276
-0.0187731
0.0830655
0.141214
0.000852753
-0.0240648
0.144837
0.0660854
0.0796666
0.112445
0.101274
0.0499389
0.142183
0.0484137
0.0657917
0.101544
0.0360254
0.117395
0.0249071
0.107696
0.138533
0.0693028
0.117395
0.0568883
0.0869961
0.0520653
0.000176879
0.0637304
0.0095566
0.0102198
0.0319265
-0.0476265
-0.00423879
0.0649095
0.121515
0.155487
0.106633
0.1061
0.0465768
-0.162745
-0.11065
0.1053
0.129621
0.0687196
-0.0330046
0.120232
0.103695
0.0394657
-0.00492156
0.116618
0.0999228
0.0108821
0.0105511
0.117136
0.0903357
0.131371
0.039154
-0.00834938
0.0900585
0.0756662
0.0450403
-0.0502262
0.0750916
0.0883909
-0.0637927
0.012204
0.116358
0.0985671
0.0906128
0.134104
0.0462699
0.115319
0.125336
0.0850354
0.0695941
0.116618
0.124829
-0.0420968
-0.106943
0.0816526
0.136817
-0.044302
0.110868
0.0955683
-0.0279797
0.0514588
0.108757
0.0487192
0.132367
0.0496343
0.114015
0.0502433
0.130622
0.0441159
0.0419517
-0.0637927
0.0985671
0.0716277
0.0853161
0.0203856
0.101544
0.111132
0.127863
0.0148372
0.0131932
0.109286
0.124321
0.0496343
0.0961152
0.0425711
0.134599
0.158273
0.0742283
0.141699
-0.19067
0.107696
0.115319
0.128366
0.15665
0.0827833
0.12559
0.0750916
-0.125283
0.119203
0.0900585
0.00421852
0.164686
-0.020531
-0.0707009
0.0181087
0.0883909
0.0550858
0.12559
0.0105511
0.0713378
0.107696
0.124321
0.041021
0.0447324
0.080235
0.113231
0.142909
0.0966614
0.122282
0.0535781
0.0716277
0.0939232
0.0704668
0.0242638
0.0450403
0.123048
0.139754
0.101813
-0.00219596
0.0619557
-0.0528384
-0.100002
0.145796
-0.0355349
0.119203
0.108757
0.100193
0.0095566
-0.0871509
0.00119035
0.151266
0.133609
-0.00800554
0.0508515
0.105834
0.140728
-0.00151688
0.0776711
0.102621
0.122538
0.0810862
0.0805189
0.0422615
0.032243
0.0903357
0.0316096
0.0271519
0.11946
0.118171
0.119718
0.0271519
0.0930981
0.0869961
-0.0875483
0.0928227
0.151266
-0.0580998
0.101004
0.118171
0.0944723
0.0595783
0.0950207
0.115319
0.109286
0.117913
0.0357114
0.00722831
0.0268319
-0.00185632
0.0369662
0.0993811
-0.0734102
0.064615
0.0274717
0.0425711
0.119718
0.0108821
0.0649095
0.141699
0.0487192
-0.0494822
0.110342
0.0541818
0.0138514
0.137799
0.129872
0.00822748
0.15103
0.117136
0.0523683
0.123558
0.0776711
0.0112129
0.150557
0.0816526
-0.00663257
0.133857
0.115319
0.123048
0.0914429
0.107962
0.0335073
0.119718
0.124575
0.126602
0.0745163
0.133609
0.113231
0.00388294
0.0941979
0.0353971
0.0550858
0.139998
-0.0377134
0.0428805
0.134104
0.0388421
0.113492
-0.111063
0.119203
0.0961152
0.14747
-0.00594749
0.00555843
-0.009727
0.0693028
0.127611
-0.0424638
0.0625481
0.0268319
0.00119035
0.0526711
0.0505474
0.0698852
0.134104
0.0431896
0.100464
0.0607686
0.00321116
0.105033
-0.0494822
0.0736517
0.0517622
0.0553867
0.117654
0.0628439
-0.00219596
0.0900585
0.0850354
0.151973
0.0985671
0.0565884
-0.00560527
0.0372794
0.101813
-0.0297688
-0.0657032
0.0799509
0.115058
0.0788125
0.114276
0.117395
0.104498
0.118687
0.114015
0.137554
0.142909
0.0610657
0.11946
0.134846
0.0925472
0.125336
0.041021
0.0541818
0.105567
0.14747
0.0917193
0.012204
0.102621
-0.0373497
0.0613626
0.0517622
0.0727855
0.130872
0.124067
0.15103
0.141214
0.111395
0.119203
-0.0596123
0.0724964
0.00321116
0.0303403
0.00488893
0.0643203
-0.0615087
-0.00594749
0.0736517
0.103426
0.119975
-0.0156237
0.119975
0.0724964
0.0813695
0.0660854
0.110605
0.0239418
-0.0800436
-0.0212359
0.0922714
0.0562883
0.139266
0.0869961
0.0203856
0.0765266
0.0174562
0.0496343
0.133361
-0.0891405
0.110868
0.118687
0.130372
0.0425711
0.00555843
0.0799509
0.0249071
0.0736517
0.0598762
0.118945
-0.0769125
0.112707
0.0456555
0.086157
0.0268319
0.121771
0.0911664
0.0277913
0.0403995
0.116877
0.0850354
-0.0626495
0.0287488
0.0878336
0.0822183
-0.0104172
0.119975
0.0770993
0.0382176
0.119975
-0.0472561
0.0360254
0.029386
0.101004
0.0939232
0.125336
0.0839109
0.105033
0.0939232
0.107165
0.102082
0.125083
0.114798
0.0595783
0.103158
0.140485
0.136572
0.0325594
0.118429
0.0511552
0.147947
0.0911664
0.086157
0.0914429
0.115839
0.0184346
0.122282
0.13534
0.0716277
0.00822748
0.0693028
0.0168027
-0.0251296
0.0660854
0.0434986
0.00889251
0.124067
0.151502
-0.0703149
0.0941979
0.0350827
0.0930981
0.0982954
0.134104
-0.0301274
0.0895034
0.0595783
0.0955683
-0.0358974
0.156186
0.12912
0.0980235
0.168969

0.0713378
0.130872
0.0363392
0.112707
-0.103666
0.146275
0.109814
0.0360254
-0.116879
-0.0891405
0.102352
0.0844736
-0.0406317
-0.164991
0.0148372
0.0300224
0.0095566
0.168296
0.0197361
0.135093
0.0577868
0.0805189
0.0508515
0.132865
0.0284298
0.108492
0.114276
0.072207
-0.00938225
0.121259
0.0403995
0.0490244
0.123812
0.0616592
0.0950207
0.00186489
0.151737
0.0853161
0.102082
-0.0867538
0.0988386
0.0878336
0.0394657
-0.0611289
0.103695
-0.0596123
0.0922714
0.122538
0.136572
-0.0502262
0.0628439
0.0980235
0.111658
-0.0380773
-0.00083867
0.0922714
0.00988831
-0.0420968
-0.0615087
0.0672581
-0.0630303
0.170533
0.0538801
0.0710477
0.15665
0.137554
0.0841923
-0.0233561
0.1061
0.106899
0.103695
0.117654
0.0619557
0.029386
0.135093
0.00856009
0.114537
0.140728
0.00152771
0.160117
0.062252
-0.0955529
0.0827833
0.144596
0.00119035
0.136817
0.0419517
0.129621
0.0684277
0.158504
0.0785275
0.0974792
0.0197361
0.0523683
0.0484137
0.0822183
0.127863
0.0704668
0.121515
-0.0226484
0.0112129
0.0988386
0.0556874
0.137309
0.0514588
0.0562883
0.0550858
0.0936484
0.114537
0.112183
0.101813
-0.0737983
0.122538
0.117654
0.0637304
0.0271519
0.161036
0.0739401
0.159196
0.111132
-0.0547118
0.143392
0.151502
0.0125339
0.143874
-0.0502262
0.0999228
0.12559
0.0941979
0.019411
0.0785275
0.0369662
0.0742283
0.103963
0.0961152
0.0707573
0.124829
0.12912
0.117136
0.0138514
0.045348
0.113754
0.136572
0.147947
0.0258705
-0.0149264
0.0465768
0.00656103
0.0375923
0.108757
0.0598762
0.0950207
0.0203856
-0.0599911
0.0022018
0.00889251
0.0788125
0.0586835
0.144596
0.0207099
0.0996521
0.0666721
0.0108821
0.161036
0.0911664
0.0678433
0.142909
0.133113
0.151973
0.108757
0.151266
0.136326
0.019411
0.0462699
0.113754
0.0869961
0.123303
-0.0626495
0.0505474
0.0577868
0.0556874
0.102621
0.012204
0.122282
0.142667
0.0601739
-0.125283
-0.0156237
0.0895034
0.117913
0.0974792
0.102889
0.130372
-0.0769125
0.0413314
0.0727855
0.125083
0.0917193
0.0666721
0.00253848
0.0640254
0.106899
0.119203
0.104766
0.0095566
0.128114
-0.036623
-0.00594749
0.133361
0.110078
0.158041
0.0325594
-0.00594749
0.0875546
0.09911
0.0252285
0.122538
0.13534
0.034768
0.137554
-0.0903376
-0.0237103
0.019411
-0.0265527
0.106899
0.0911664
0.140971
0.0438074
-0.197244
0.053276
0.0474962
-0.0672363
0.0961152
0.143633
0.137799
0.0553867
0.0184346
0.0297043
0.080235
0.0776711
0.147708
0.13608
0.0966614
-0.0163219
0.101004
-0.010072
0.153617
-0.148551
-0.0107627
0.118171
0.110342
0.137309
0.124575
0.144837
-0.0454079
0.126349
0.0930981
0.129621
-0.0710872
-0.0187731
0.0693028
0.0164757
0.138778
0.0274717
0.155487
0.0547847
-0.0107627
0.0303403
0.0805189
0.0363392
-0.00766196
0.0900585
0.0988386
0.0538801
0.0779568
0.0465768
0.156883
0.130622
0.03853
-0.0180716
0.122538
0.130122
0.0813695
0.0972068
0.0925472
0.0300224
-0.0687735
0.0242638
0.0944723
0.112707
0.0883909
0.112183
0.0245856
0.0372794
-0.046516
0.10955
-0.0177212
0.0776711
0.0610657
0.0148372
-0.00938225
0.117913
0.0660854
0.0105511
0.0693028
0.112445
0.0319265
0.0601739
0.00051493
0.0736517
0.101544
0.102889
0.101004
0.0869961
0.0502433
0.150084
0.0625481
0.0966614
0.101274
0.00119035
0.0428805
0.157115
0.146036
0.0422615
0.116358
0.0643203
0.127359
0.105567
0.0403995
0.0928227
-0.0399007
0.109814
-0.0322838
0.076813
0.13534
-0.00697548
-0.0326441
0.149373
0.0736517
0.0770993
0.109021
0.0872755
0.0309754
0.138778
0.0300224
0.0604713
0.0704668
0.0400884
0.124067
0.00822748
0.0869961
0.141214
0.0687196
0.118429
0.0580859
0.0867166
0.0535781
-0.00663257
0.057188
0.0245856
0.00856009
0.0290675
-0.0558388
-0.0166714
0.0490244
0.113754
0.148423
0.123048
0.117654
0.0505474
-0.15428
-0.128677
0.116099
0.11192
0.0586835
-0.0479971
0.114798
0.108492
0.041021
-0.00594749
0.1061
0.110605
0.00051493
0.0239418
0.11192
0.0864369
0.145317
0.0229745
-0.0240648
0.0947466
0.0724964
0.0523683
-0.077303
0.0716277
0.0985671
-0.0664693
0.019411
0.113492
0.102621
0.0788125
0.140971
0.0335073
0.116877
0.119718
0.0900585
0.0643203
0.124829
0.128869
-0.00594749
-0.104893
0.0822183
0.127863
-0.0391706
0.106633
0.101274
-0.0431983
0.0678433
0.109814
0.0669652
0.123303
0.0559879
0.114537
0.0742283
0.14747
0.0502433
0.0338227
-0.0596123
0.0847546
0.072207
0.0652038
0.00889251
0.111395
0.112445
0.119718
0.0268319
-0.00253587
0.119203
0.134104
0.0765266
0.0839109
0.039154
0.142909
0.152678
0.0928227
0.147231
-0.194889
0.109814
0.102352
0.128869
0.146993
0.0903357
0.115058
0.080235
-0.145486
0.107696
0.102352
0.00656103
0.147708
-0.0373497
-0.0703149
0.00822748
0.0922714
0.0640254
0.116618
0.0135224
0.0616592
0.0966614
0.121002
0.0360254
0.0544833
0.0816526
0.114276
0.135587
0.0961152
0.130622
0.039154
0.0716277
0.0869961
0.07624
0.0118739
0.0284298
0.114015
0.134846
0.0999228
-0.0233561
0.0487192
-0.0676202
-0.0983802
0.151737
-0.0233561
0.119975
0.100734
0.123812
0.0118739
-0.0784759
0.00988831
0.148661
0.126349
-0.0237103
0.0553867
0.0963884
0.128869
-0.0159727
0.0911664
0.113231
0.115579
0.0799509
0.0836293
0.0499389
0.0353971
0.101544
0.0145088
0.0319265
0.120232
0.0963884
0.116099
0.0135224
0.0788125
0.0892255
-0.097571
0.103963
0.14315
-0.0641743
0.09911
0.111658
0.105834
0.0825009
0.0922714
0.0952946
0.106367
0.100464
0.0577868
0.00689476
0.029386
0.030658
0.0447324
0.103426
-0.0816155
0.0643203
0.0207099
0.045348
0.123812
-0.00117766
0.0827833
0.13534
0.0502433
-0.0502262
0.120746
0.0465768
0.0265116
0.13951
0.13187
0.0207099
0.151973
0.131122
0.0397772
0.108757
0.0813695
0.0242638
0.132119
0.072207
0.0177825
0.127863
0.115319
0.118171
0.0773853
0.106633
0.020061
0.126096
0.119203
0.126854
0.0562883
0.130122
0.101274
-0.0286946
0.0502433
0.0181087
0.0496343
0.14315
-0.0883439
0.0297043
0.141456
0.0328756
0.113231
-0.137673
0.103426
0.100734
0.139754
-0.0104172
0.0168027
-0.0166714
0.0589819
0.130372
-0.0413638
0.0716277
0.0236196
0.0118739
0.0481081
0.0654978
0.0601739
0.128617
0.0369662
0.0980235
0.0372794
0.00253848
0.115319
-0.046516
0.0875546
0.0316096
0.0462699
0.102082
0.0713378
0.00922467
0.100464
0.0583847
0.151737
0.115058
0.0776711
-0.010072
0.0400884
0.0977515
-0.0272657
-0.0424638
0.0724964
0.13534
0.0660854
0.117913
0.121515
0.117654
0.126854
0.114798
0.12912
0.14961
0.0550858
0.115319
0.144837
0.106899
0.117395
0.0681356
0.0716277
0.0961152
0.134846
0.113231
0.0138514
0.0963884
-0.0494822
0.0474962
0.0369662
0.0710477
0.137309
0.101813
0.145077
0.12912
0.115839
0.118687
-0.0835864
0.0713378
-0.000499952
0.0184346
0.0164757
0.0701761
-0.0505987
-0.00834938
0.086157
0.115579
0.100464
-0.0131875
0.107431
0.0631396
0.0719175
0.0538801
0.107962
0.0145088
-0.0800436
-0.0340875
0.0813695
0.0577868
0.133857
0.0850354
0.00789461
0.086157
0.0328756
0.076813
0.127863
-0.128677
0.107431
0.112707
0.139998
0.030658
0.00722831
0.0684277
0.0164757
0.0713378
0.0556874
0.130372
-0.0816155
0.0944723
0.0556874
0.0830655
0.0369662
0.101274
0.0827833
0.0154933
0.015821
0.116877
0.0819356
-0.0695437
-0.0240648
0.107431
0.0958419
-0.0135348
0.110078
0.0750916
0.0052238
0.13162
-0.0569682
0.0517622
0.0252285
0.0839109
0.0631396
0.122282
0.0690113
0.0941979
0.089781
0.107962
0.100193
0.121259
0.129872
0.0428805
0.0988386
0.128869
0.123812
0.0484137
0.101544
0.0574875
0.147708
0.0810862
0.0963884
0.0858769
0.118429
0.0268319
0.104498
0.117395
0.0698852
0.0177825
0.0684277
0.0174562
0.00152771
0.0628439
0.041021
0.0265116
0.114537
0.166496
-0.0788675
0.113231
0.0550858
0.0974792
0.0727855
0.126602
-0.0476265
0.0813695
0.0687196
0.0765266
-0.0517174
0.152208
0.121002
0.102621
0.158966

0.0839109
0.143392
0.0481081
0.103963
-0.103258
0.160347
0.108492
0.0268319
-0.135949
-0.0780847
0.107962
0.0875546
-0.00903776
-0.176793
0.0331915
0.04719
0.0105511
0.177153
0.00421852
0.144356
0.0481081
0.100734
0.0447324
0.137309
0.0490244
0.108492
0.123048
0.0919954
0.00856009
0.130872
0.0568883
0.0434986
0.121002
0.0730744
0.109286
0.0268319
0.151266
0.0969342
0.0996521
-0.0599911
0.101004
0.0813695
0.0724964
-0.0672363
0.119203
-0.080829
0.10423
0.118171
0.115579
-0.0831917
0.0660854
0.102889
0.137554
-0.0247744
-0.00560527
0.0675508
0.0115435
-0.0124935
-0.0676202
0.0550858
-0.106943
0.167847
0.0580859
0.0793821
0.167397
0.154553
0.0919954
0.00922467
0.0939232
0.0980235
0.125083
0.110868
0.0490244
0.0369662
0.13534
-0.00287598
0.0952946
0.146515
-0.00355691
0.161952
0.0538801
-0.124015
0.109814
0.150557
-0.0073186
0.132616
0.0514588
0.144837
0.0773853
0.150321
0.0589819
0.0982954
0.0125339
0.0805189
0.0598762
0.0810862
0.132119
0.0335073
0.115579
-0.0142301
0.0145088
0.0952946
0.0922714
0.136326
0.0568883
0.072207
0.0652038
0.0939232
0.133857
0.124575
0.0867166
-0.0710872
0.119975
0.114537
0.0663789
0.0379051
0.157347
0.0770993
0.156418
0.11192
-0.0664693
0.13534
0.15103
0.00689476
0.140485
-0.0703149
0.0819356
0.115839
0.0969342
0.0499389
0.0858769
0.0640254
0.0710477
0.107165
0.0947466
0.0906128
0.12937
0.132865
0.13608
0.030658
0.0607686
0.11946
0.121515
0.159196
0.032243
-0.045039
0.0562883
0.0287488
0.0425711
0.108227
0.0580859
0.0914429
0.0102198
-0.0680044
-0.0191242
-0.0198271
0.0788125
0.0939232
0.142425
0.019411
0.0944723
0.0698852
0.000852753
0.148185
0.121515
0.101544
0.127359
0.141699
0.158966
0.121002
0.137063
0.125843
0.015821
0.0328756
0.114798
0.057188
0.133361
-0.0695437
0.0400884
0.0657917
0.0759532
0.114798
0.030658
0.117913
0.151266
0.0474962
-0.111891
-0.00355691
0.104498
0.109814
0.104766
0.0996521
0.115839
-0.0691585
0.0580859
0.0657917
0.121002
0.0958419
0.0839109
0.0258705
0.0886693
0.112707
0.133857
0.106367
0.0350827
0.149847
-0.0304862
0.0245856
0.122026
0.0881123
0.150793
0.0284298
-0.00492156
0.0724964
0.100193
0.0115435
0.112969
0.146515
0.062252
0.135833
-0.108176
-0.00389773
0.0297043
0.00722831
0.123558
0.0947466
0.142425
0.0550858
-0.238517
0.0187603
0.0245856
-0.0565915
0.0993811
0.152443
0.128114
0.0508515
0.0125339
0.00622707
0.0796666
0.0698852
0.13608
0.12912
0.0928227
0.000176879
0.103426
-0.00389773
0.16964
-0.171774
0.0226517
0.107165
0.115319
0.160577
0.124067
0.141214
-0.0156237
0.111395
0.106367
0.123558
-0.046886
-0.0128404
0.0779568
0.0112129
0.136572
0.03853
0.153383
0.0707573
-0.00800554
0.0350827
0.0619557
0.0255496
-0.00219596
0.0869961
0.134599
0.0481081
0.122026
0.0586835
0.164459
0.138044
0.0663789
0.00722831
0.129621
0.127611
0.086157
0.0914429
0.117913
0.0616592
-0.0827973
0.00689476
0.0950207
0.122538
0.0719175
0.116618
-0.00697548
0.053276
-0.0384415
0.0963884
0.00789461
0.0892255
0.053276
0.0541818
-0.0177212
0.116877
0.075379
-0.0187731
0.0850354
0.105033
0.0657917
0.0652038
0.0216818
0.0883909
0.116877
0.0878336
0.118687
0.0928227
0.0499389
0.159196
0.0827833
0.108227
0.0928227
-0.00321635
0.0690113
0.15665
0.151973
0.0610657
0.0878336
0.0698852
0.120489
0.0867166
0.000852753
0.101274
-0.00458008
0.114537
-0.044302
0.0919954
0.137063
-0.020531
-0.0191242
0.152443
0.0716277
0.0704668
0.108757
0.121771
0.034768
0.150321
0.0640254
0.064615
0.0779568
0.0216818
0.118687
0.0141802
0.0883909
0.152208
0.0906128
0.126349
0.0447324
0.0977515
0.0693028
-0.00253587
0.0739401
0.0232972
0.0145088
0.0553867
-0.0446704
-0.00526329
0.0625481
0.139754
0.168071
0.114798
0.116358
0.057188
-0.162745
-0.11438
0.10423
0.116618
0.0733632
-0.0454079
0.119203
0.106633
0.0239418
-0.0121469
0.124067
0.110078
0.0325594
0.057188
0.115579
0.0695941
0.139022
0.030658
-0.00321635
0.119203
0.0889475
0.0444243
-0.0424638
0.074804
0.105033
-0.048368
0.0242638
0.103963
0.0972068
0.0816526
0.138044
0.0526711
0.104498
0.132865
0.0836293
0.0785275
0.144356
0.123558
-0.00766196
-0.109824
0.0810862
0.118687
-0.0406317
0.0955683
0.0713378
-0.0550872
0.0908897
0.0875546
0.0601739
0.120489
0.034768
0.127107
0.075379
0.142425
0.0444243
0.0438074
-0.0824031
0.0669652
0.0701761
0.0666721
0.000852753
0.113754
0.112707
0.127359
0.0499389
0.000176879
0.111658
0.134352
0.064615
0.0950207
0.0441159
0.139998
0.132367
0.113231
0.151502
-0.19348
0.125336
0.113492
0.119203
0.164004
0.0819356
0.118687
0.0716277
-0.107765
0.124067
0.0793821
0.00421852
0.156883
-0.0244195
-0.0355349
0.03853
0.0881123
0.0669652
0.144837
0.0450403
0.057188
0.0855966
0.123812
0.0274717
0.0210341
0.0660854
0.0996521
0.118945
0.10955
0.123558
0.0538801
0.07624
0.116358
0.0853161
0.0258705
0.032243
0.110605
0.140971
0.0993811
-0.0187731
0.0353971
-0.0812222
-0.085168
0.166721
-0.0142301
0.133609
0.130622
0.118171
0.0416417
-0.108588
0.0287488
0.170087
0.134104
-0.0187731
0.0574875
0.0996521
0.146515
0.00051493
0.108492
0.127359
0.112707
0.0742283
0.0793821
0.0739401
0.053276
0.117654
0.0213581
0.064615
0.120232
0.0955683
0.114798
0.0268319
0.0974792
0.0850354
-0.104075
0.0895034
0.139754
-0.0792593
0.115319
0.112707
0.105834
0.0690113
0.0869961
0.0936484
0.116358
0.118429
0.0344531
0.0400884
0.0434986
0.0397772
0.0216818
0.112445
-0.0454079
0.0631396
0.032243
0.0394657
0.121259
0.0239418
0.0750916
0.152678
0.0450403
-0.0498541
0.113231
0.0523683
0.030658
0.142667
0.128869
0.0379051
0.145077
0.125843
0.0468835
0.117395
0.103158
0.0105511
0.15502
0.0886693
0.020061
0.135093
0.134104
0.128366
0.0969342
0.112445
0.0357114
0.120489
0.117136
0.138044
0.0889475
0.122538
0.10423
-0.009727
0.0704668
0.0438074
0.0462699
0.147231
-0.0710872
0.015821
0.145317
0.0565884
0.110078
-0.124015
0.0974792
0.103426
0.164232
-0.0191242
-0.0159727
-0.00766196
0.0690113
0.124829
-0.0124935
0.0640254
0.0236196
0.00253848
0.0447324
0.0526711
0.0825009
0.115319
0.0353971
0.0993811
0.0544833
-0.00526329
0.100734
-0.0630303
0.0928227
0.0331915
0.0562883
0.112969
0.0544833
-0.00628989
0.104766
0.072207
0.171423
0.116358
0.0574875
0.0181087
0.0213581
0.102352
-0.0138824
-0.0517174
0.0462699
0.121259
0.0796666
0.127359
0.114276
0.110342
0.128617
0.125336
0.130122
0.138044
0.0547847
0.12937
0.149847
0.112969
0.133113
0.0669652
0.0750916
0.114276
0.138778
0.112445
0.0360254
0.110078
-0.0319238
0.064615
0.039154
0.0839109
0.132367
0.0996521
0.151973
0.146754
0.118687
0.106899
-0.085564
0.0428805
-0.00594749
0.0353971
0.0297043
0.0790974
-0.0498541
0.00119035
0.0634351
0.122026
0.0955683
-0.017371
0.115579
0.0654978
0.0770993
0.0619557
0.0993811
0.0271519
-0.102035
0.00287494
0.0999228
0.086157
0.138289
0.07624
0.0239418
0.0756662
0.0249071
0.0413314
0.146754
-0.121908
0.106367
0.123048
0.132616
0.0598762
-0.0166714
0.0930981
0.0232972
0.0900585
0.0459628
0.130372
-0.0588555
0.103426
0.029386
0.0900585
0.0428805
0.116618
0.101004
0.0400884
0.0125339
0.112183
0.0947466
-0.0820092
-0.00834938
0.0999228
0.102082
0.00119035
0.132616
0.0736517
0.012204
0.133361
-0.036623
0.0403995
0.0604713
0.0773853
0.0980235
0.128869
0.0607686
0.105033
0.0974792
0.119718
0.111658
0.114798
0.108757
0.0502433
0.0911664
0.144596
0.134104
0.00822748
0.103695
0.086157
0.140241
0.0750916
0.0996521
0.0853161
0.119718
0.0239418
0.124829
0.111395
0.0930981
-0.00253587
0.0799509
0.0102198
0.00488893
0.0577868
0.0716277
0.045348
0.124321
0.160117
-0.0951501
0.100464
0.0403995
0.0928227
0.114015
0.134599
-0.0198271
0.107696
0.03853
0.0883909
-0.0301274
0.146754
0.138044
0.114015
0.148661

0.0830655
0.121515
0.0252285
0.114537
-0.117714
0.153148
0.0895034
0.0441159
-0.128677
-0.0539617
0.0944723
0.0649095
-0.0326441
-0.177709
0.00988831
0.0413314
0.00287494
0.160347
0.0413314
0.127107
0.0514588
0.0933733
0.0190858
0.120489
0.0505474
0.128617
0.103158
0.0841923
-0.00151688
0.119718
0.053276
0.0300224
0.117395
0.0499389
0.0996521
0.0145088
0.135093
0.0872755
0.0972068
-0.0565915
0.0988386
0.0883909
0.0562883
-0.0718604
0.0963884
-0.0800436
0.102621
0.106633
0.130122
-0.0649383
0.0574875
0.0922714
0.110868
-0.0297688
-0.00253587
0.080235
0.0102198
-0.0244195
-0.0461464
0.0613626
-0.0703149
0.152443
0.0379051
0.0631396
0.153617
0.150321
0.0952946
0.00186489
0.0969342
0.102082
0.102082
0.113492
0.0586835
0.0428805
0.146515
0.0335073
0.0966614
0.144356
0.0265116
0.148898
0.0796666
-0.0863569
0.0816526
0.137799
-0.00185632
0.128114
0.0312926
0.13187
0.080235
0.146275
0.0631396
0.0941979
0.0350827
0.0643203
0.0601739
0.0816526
0.128114
0.0550858
0.115058
-0.0290524
0.0105511
0.0977515
0.064615
0.132367
0.0431896
0.0634351
0.0511552
0.0999228
0.113231
0.114537
0.0881123
-0.0634114
0.120232
0.121515
0.0616592
0.0287488
0.154787
0.0805189
0.153617
0.112707
-0.0472561
0.134352
0.148423
0.0335073
0.138533
-0.028337
0.0810862
0.121259
0.112707
0.0397772
0.0553867
0.0592802
0.0704668
0.103158
0.0850354
0.0675508
0.118171
0.119203
0.130122
0.0148372
0.0672581
0.11946
0.133113
0.151266
0.0434986
-0.0286946
0.0502433
0.0135224
0.0366528
0.103695
0.0669652
0.0950207
0.0154933
-0.046886
-0.009727
-0.0121469
0.072207
0.0672581
0.138289
0.0102198
0.0816526
0.0724964
0.0281107
0.149373
0.113492
0.086157
0.134352
0.123812
0.155953
0.0855966
0.134846
0.125083
0.0287488
0.045348
0.118687
0.0481081
0.117395
-0.0630303
0.0562883
0.0574875
0.0704668
0.1061
0.0559879
0.115579
0.124829
0.041021
-0.100002
-0.0166714
0.0869961
0.116099
0.105033
0.086157
0.107696
-0.0680044
0.0610657
0.0663789
0.122793
0.1061
0.0637304
0.00922467
0.0713378
0.102889
0.106367
0.0914429
0.0459628
0.124829
-0.0377134
0.0138514
0.139266
0.0776711
0.144837
0.0407104
-0.00492156
0.0889475
0.107431
0.0115435
0.112969
0.121259
0.0431896
0.12912
-0.0943453
-0.0230022
0.0344531
-0.00766196
0.101813
0.0947466
0.143874
0.0669652
-0.218799
0.0344531
0.0707573
-0.0615087
0.0936484
0.146754
0.129872
0.062252
0.0220053
0.0328756
0.0724964
0.0550858
0.143392
0.132865
0.100734
0.00119035
0.0950207
-0.0215886
0.147708
-0.158276
0.00488893
0.118429
0.118429
0.13951
0.111132
0.133857
-0.0369863
0.108227
0.0906128
0.130122
-0.0502262
-0.0230022
0.0568883
0.0303403
0.131371
0.0490244
0.156186
0.0574875
0.00722831
0.0261911
0.0736517
0.0565884
-0.00458008
0.0930981
0.125336
0.0562883
0.105033
0.0444243
0.147708
0.132119
0.0619557
-0.00800554
0.121259
0.124321
0.0855966
0.0844736
0.115058
0.0438074
-0.0784759
0.0145088
0.0980235
0.0972068
0.0822183
0.118687
0.00455384
0.0382176
-0.00697548
0.0961152
0.00455384
0.0847546
0.072207
0.039154
0.00119035
0.122282
0.0669652
-0.00389773
0.0716277
0.113492
0.0444243
0.0592802
0.015821
0.0640254
0.107962
0.0900585
0.0939232
0.0977515
0.0544833
0.14747
0.0586835
0.0955683
0.0980235
-0.00423879
0.041021
0.162181
0.145796
0.0375923
0.111658
0.0598762
0.105567
0.0855966
0.03853
0.110605
-0.0358974
0.10955
-0.0247744
0.086157
0.13951
0.00421852
-0.00594749
0.142183
0.0727855
0.0693028
0.119975
0.0961152
0.0785275
0.13608
0.0631396
0.0687196
0.080235
0.0344531
0.115319
0.0197361
0.0952946
0.140485
0.0770993
0.113754
0.0450403
0.0785275
0.045348
-0.0104172
0.0827833
0.0135224
0.00988831
0.0487192
-0.048368
-0.00458008
0.0520653
0.122282
0.160117
0.115839
0.115839
0.0450403
-0.163194
-0.138104
0.104498
0.11192
0.0484137
-0.0413638
0.112707
0.109286
0.0328756
-0.0163219
0.112445
0.104498
0.00589289
0.0277913
0.124321
0.0855966
0.12912
0.0245856
-0.00869345
0.0947466
0.0805189
0.0672581
-0.0413638
0.0695941
0.0836293
-0.056215
0.0277913
0.103963
0.0966614
0.0745163
0.139022
0.0592802
0.09911
0.13534
0.0867166
0.0687196
0.124321
0.12559
-0.0498541
-0.105302
0.0799509
0.124575
-0.0340875
0.112183
0.080235
-0.0428309
0.062252
0.0988386
0.0394657
0.122026
0.0514588
0.110342
0.0604713
0.146515
0.0419517
0.0360254
-0.0660861
0.0790974
0.0550858
0.0652038
0.0174562
0.102352
0.103695
0.121515
0.0239418
0.0168027
0.119718
0.125083
0.075379
0.0941979
0.0382176
0.14315
0.142667
0.0947466
0.13534
-0.187872
0.100193
0.0850354
0.133113
0.147708
0.0810862
0.116877
0.0693028
-0.0979754
0.123048
0.080235
0.0135224
0.140241
-0.0265527
-0.0431983
0.0268319
0.0855966
0.0713378
0.131371
0.0177825
0.0704668
0.0988386
0.112445
0.032243
0.0438074
0.0724964
0.11192
0.13608
0.0999228
0.133609
0.0701761
0.0580859
0.0925472
0.0788125
0.0425711
0.030658
0.117654
0.138533
0.0847546
-0.00083867
0.057188
-0.0420968
-0.100408
0.150084
-0.0369863
0.115319
0.118687
0.111395
0.0203856
-0.0730224
0.0220053
0.154553
0.113754
-0.0301274
0.0589819
0.105033
0.132616
0.00287494
0.102621
0.103426
0.116358
0.064615
0.0770993
0.0444243
0.0465768
0.0982954
0.0335073
0.0508515
0.110605
0.0966614
0.100464
0.0382176
0.0822183
0.0947466
-0.100408
0.0833475
0.131122
-0.0741867
0.0974792
0.125083
0.0955683
0.0704668
0.102082
0.109814
0.113231
0.110605
0.0790974
0.00889251
0.0474962
0.0151653
0.0459628
0.104766
-0.045777
0.0736517
0.00186489
0.0416417
0.115058
0.0382176
0.0681356
0.12937
0.0379051
-0.0547118
0.1053
0.0456555
0.00822748
0.139022
0.122538
0.0413314
0.152208
0.102621
0.0394657
0.1053
0.0925472
0.0255496
0.131122
0.0996521
0.029386
0.127611
0.117654
0.106899
0.0796666
0.109286
0.0300224
0.121771
0.108227
0.127863
0.0640254
0.134846
0.103963
0.000852753
0.0610657
0.0369662
0.0574875
0.128869
-0.0780847
0.0357114
0.131122
0.0520653
0.114015
-0.116879
0.106367
0.10955
0.153383
-0.0184222
0.0197361
0.00253848
0.0487192
0.124829
-0.0391706
0.0517622
0.0338227
0.0319265
0.0456555
0.0568883
0.0616592
0.128114
0.0357114
0.0895034
0.0550858
0.0095566
0.109021
-0.0509713
0.0782422
0.0438074
0.0517622
0.112969
0.0538801
-0.017371
0.0988386
0.076813
0.156883
0.0928227
0.0693028
0.00722831
0.0428805
0.0808026
-0.0472561
-0.0741867
0.0574875
0.125083
0.0616592
0.130122
0.115579
0.123812
0.127107
0.109814
0.123303
0.136572
0.0684277
0.118687
0.133609
0.118171
0.125083
0.0565884
0.0672581
0.0925472
0.145557
0.104766
0.0353971
0.0903357
-0.025485
0.0434986
0.0523683
0.0808026
0.127863
0.105567
0.146275
0.122282
0.121515
0.10423
-0.0718604
0.0559879
-0.00492156
0.0274717
0.012204
0.0669652
-0.0816155
-0.034449
0.0619557
0.106633
0.0883909
0.0151653
0.117654
0.0687196
0.0796666
0.0394657
0.101813
0.0281107
-0.0703149
-0.00287598
0.0678433
0.064615
0.132616
0.108757
0.0171295
0.0869961
0.0252285
0.0669652
0.140241
-0.085564
0.108757
0.121515
0.136572
0.0499389
-0.000499952
0.0810862
0.00321116
0.0750916
0.0628439
0.114537
-0.0730224
0.0895034
0.0502433
0.0770993
0.0592802
0.115058
0.0928227
0.0271519
0.0226517
0.118171
0.0805189
-0.0839814
-0.00083867
0.0939232
0.0841923
-0.0290524
0.13534
0.0830655
0.0274717
0.12937
-0.0362601
0.0216818
0.0369662
0.072207
0.107696
0.110605
0.0719175
0.100193
0.100734
0.0908897
0.105033
0.122793
0.13534
0.0499389
0.106899
0.123812
0.122026
0.0369662
0.105834
0.074804
0.139266
0.0841923
0.0947466
0.0796666
0.113492
0.029386
0.110342
0.12559
0.0559879
0.00988831
0.0727855
0.00988831
-0.0104172
0.0601739
0.0496343
0.032243
0.115839
0.156883
-0.0710872
0.101813
0.0431896
0.086157
0.0993811
0.142667
-0.0340875
0.0883909
0.0562883
0.0813695
-0.0326441
0.160807
0.121771
0.109021
0.151266

0.0847546
0.125336
0.0511552
0.104498
-0.107354
0.15502
0.0730744
0.0287488
-0.114796
-0.080829
0.0958419
0.0858769
-0.034449
-0.175877
0.015821
0.0526711
0.0141802
0.171201
0.0151653
0.138778
0.0616592
0.100734
0.0400884
0.123558
0.0502433
0.100193
0.119718
0.0844736
-0.0184222
0.120232
0.04719
0.0268319
0.102621
0.0422615
0.100464
0.00488893
0.155953
0.0867166
0.103426
-0.0788675
0.0936484
0.0903357
0.0245856
-0.0749641
0.10955
-0.0745753
0.0867166
0.0895034
0.122793
-0.0839814
0.0607686
0.076813
0.107165
-0.0348108
0.000176879
0.0654978
0.0135224
-0.046886
-0.0517174
0.0586835
-0.10285
0.151502
0.0261911
0.0562883
0.143874
0.143392
0.0886693
-0.0073186
0.0872755
0.103695
0.0900585
0.0886693
0.0428805
0.0456555
0.118171
0.0177825
0.0719175
0.13534
0.0210341
0.148898
0.0637304
-0.101628
0.0785275
0.12937
-0.0208833
0.121259
0.0438074
0.128366
0.0939232
0.153617
0.053276
0.101004
-0.00458008
0.0643203
0.0547847
0.0872755
0.122538
0.0450403
0.117136
-0.0163219
0.00789461
0.0999228
0.0724964
0.122282
0.0274717
0.0499389
0.0174562
0.101813
0.0939232
0.102889
0.0906128
-0.0498541
0.113231
0.0999228
0.0580859
0.0382176
0.157347
0.0523683
0.153383
0.100193
-0.0312045
0.140728
0.154553
0.0462699
0.142667
-0.0247744
0.09911
0.124575
0.103158
0.0309754
0.0756662
0.0428805
0.0808026
0.105567
0.0724964
0.0785275
0.126602
0.126096
0.125843
0.0303403
0.0360254
0.129872
0.130122
0.141941
0.0580859
-0.0653206
0.0229745
-0.0159727
0.0547847
0.103158
0.0716277
0.108227
0.0108821
-0.0630303
-0.00526329
0.00253848
0.074804
0.0643203
0.132119
0.0197361
0.0939232
0.0799509
0.0164757
0.147947
0.109286
0.064615
0.133113
0.120232
0.145796
0.0930981
0.142183
0.112707
0.0312926
0.0168027
0.110078
0.053276
0.124321
-0.0569682
0.0586835
0.0675508
0.0625481
0.103963
0.0297043
0.115058
0.139266
0.0526711
-0.0891405
-0.0184222
0.075379
0.114798
0.104498
0.0906128
0.123303
-0.0528384
0.0338227
0.0855966
0.117913
0.0850354
0.0523683
0.0297043
0.0895034
0.109021
0.111132
0.0952946
0.0303403
0.123812
-0.0301274
0.0181087
0.128617
0.0883909
0.143392
0.041021
0.0052238
0.0944723
0.112445
0.0281107
0.0977515
0.126602
0.0271519
0.133113
-0.0967629
-0.0128404
0.0565884
-0.020531
0.109286
0.0830655
0.125843
0.0459628
-0.213469
0.0419517
0.0375923
-0.0580998
0.0730744
0.138778
0.13187
0.0628439
0.0268319
0.015821
0.0672581
0.0565884
0.128617
0.122538
0.0988386
-0.0215886
0.110868
-0.00903776
0.147708
-0.165892
0.00689476
0.110605
0.102889
0.133361
0.106367
0.132616
-0.0413638
0.103695
0.0759532
0.121515
-0.0461464
-0.0222949
0.0616592
0.0236196
0.121771
0.0493294
0.150793
0.0484137
-0.00492156
0.0328756
0.0669652
0.0422615
-0.0156237
0.0701761
0.114276
0.0425711
0.110078
0.0535781
0.134352
0.133857
0.0508515
-0.0163219
0.118687
0.117395
0.0745163
0.0878336
0.109021
0.0474962
-0.0707009
0.0223286
0.0853161
0.111658
0.0616592
0.106899
-0.00938225
0.0514588
-0.0269091
0.0985671
0.012204
0.100193
0.0666721
0.0229745
0.0052238
0.110078
0.0654978
0.00722831
0.062252
0.111658
0.0407104
0.0517622
-0.00389773
0.0782422
0.0788125
0.0825009
0.11192
0.0759532
0.0481081
0.151737
0.0643203
0.0988386
0.0906128
-0.000161443
0.0499389
0.155487
0.144356
0.0444243
0.0933733
0.0613626
0.112969
0.0933733
0.0331915
0.0919954
-0.0322838
0.101274
-0.0107627
0.0785275
0.130622
-0.017371
0.00152771
0.153617
0.0730744
0.0853161
0.109286
0.0974792
0.0353971
0.138289
0.0652038
0.0601739
0.0616592
0.0450403
0.105834
0.0187603
0.104498
0.148423
0.0637304
0.09911
0.0616592
0.0841923
0.0338227
0.0203856
0.0693028
0.00722831
0.0075616
0.0634351
-0.0454079
0.00889251
0.0805189
0.121515
0.153148
0.107165
0.100193
0.057188
-0.156942
-0.146798
0.0955683
0.110342
0.041021
-0.0402661
0.120232
0.086157
0.0400884
-0.0163219
0.107431
0.107696
0.0095566
0.0108821
0.107431
0.0756662
0.130372
0.0431896
-0.009727
0.0855966
0.0796666
0.0601739
-0.045039
0.0666721
0.0930981
-0.0676202
-0.00117766
0.108227
0.0850354
0.0839109
0.131122
0.04719
0.11946
0.111395
0.0892255
0.0649095
0.13608
0.118429
-0.0420968
-0.116045
0.0883909
0.134352
-0.0340875
0.104766
0.0742283
-0.0420968
0.0649095
0.102352
0.0375923
0.106633
0.0535781
0.10955
0.0693028
0.145557
0.057188
0.0403995
-0.0792593
0.0825009
0.0713378
0.0782422
0.0187603
0.0911664
0.101813
0.111658
0.0138514
0.0210341
0.110605
0.13951
0.0654978
0.0850354
0.0413314
0.123812
0.138289
0.0889475
0.140241
-0.170866
0.0993811
0.113754
0.110605
0.146754
0.0643203
0.120489
0.0810862
-0.105712
0.118171
0.0930981
0.0128637
0.152443
-0.0265527
-0.062269
0.0095566
0.0742283
0.0607686
0.130122
0.0287488
0.0619557
0.0625481
0.117395
0.0481081
0.039154
0.0810862
0.103426
0.117654
0.0936484
0.118687
0.0553867
0.0770993
0.0928227
0.062252
0.0309754
0.0589819
0.115839
0.121771
0.0810862
-0.00766196
0.0529736
-0.0676202
-0.0931401
0.138044
-0.010072
0.10423
0.103963
0.112707
0.00354721
-0.091137
0.030658
0.154553
0.117654
-0.0215886
0.0462699
0.0936484
0.121515
-0.0145782
0.0793821
0.122793
0.0966614
0.0736517
0.0759532
0.0422615
0.0517622
0.089781
0.0350827
0.0335073
0.113754
0.101813
0.104766
0.0265116
0.0844736
0.0704668
-0.103258
0.0776711
0.13608
-0.0734102
0.103695
0.115839
0.102082
0.0640254
0.0827833
0.103158
0.108492
0.0958419
0.0508515
0.0102198
0.04719
-0.00355691
0.0517622
0.0955683
-0.0734102
0.0625481
0.0177825
0.0520653
0.114798
0.0328756
0.0675508
0.141699
0.0526711
-0.0479971
0.102352
0.0553867
0.00689476
0.134599
0.124321
0.0447324
0.143392
0.101813
0.0372794
0.13162
0.0941979
0.0232972
0.126602
0.0739401
0.0135224
0.136326
0.117654
0.110078
0.0634351
0.101813
0.030658
0.123558
0.117913
0.111658
0.0681356
0.115058
0.106367
-0.00628989
0.0886693
0.0210341
0.0565884
0.152913
-0.0800436
0.041021
0.122282
0.0474962
0.113754
-0.101628
0.108227
0.100464
0.138044
-0.010072
-0.000499952
-0.0111084
0.0678433
0.141456
-0.0615087
0.0589819
0.032243
0.00988831
0.0319265
0.0704668
0.0514588
0.125083
0.0372794
0.0903357
0.0601739
0.0197361
0.0947466
-0.0615087
0.0736517
0.0529736
0.0456555
0.119203
0.062252
0.00589289
0.101813
0.0730744
0.152208
0.0847546
0.0514588
0.000852753
0.0419517
0.0993811
-0.034449
-0.0476265
0.0827833
0.127611
0.0908897
0.124575
0.127359
0.111395
0.110078
0.118429
0.130122
0.14315
0.0419517
0.116358
0.147231
0.112445
0.122026
0.0580859
0.0559879
0.0919954
0.146993
0.0947466
0.0394657
0.0875546
-0.0301274
0.0517622
0.0303403
0.07624
0.126096
0.0993811
0.140728
0.132367
0.116358
0.0963884
-0.0734102
0.0413314
-0.0208833
0.0229745
-0.0142301
0.0625481
-0.0695437
-0.015275
0.0657917
0.116618
0.0950207
0.00287494
0.108492
0.075379
0.0776711
0.0652038
0.0955683
0.0154933
-0.0757427
0.00722831
0.0847546
0.0538801
0.123303
0.0678433
0.0118739
0.0574875
0.0400884
0.0710477
0.127611
-0.129102
0.116099
0.119718
0.1061
0.0325594
-0.00903776
0.0719175
0.0168027
0.0672581
0.0484137
0.124829
-0.0765223
0.0889475
0.0478023
0.0776711
0.0328756
0.113231
0.0773853
0.032243
0.0434986
0.0993811
0.075379
-0.0737983
-0.00287598
0.0950207
0.0836293
0.0108821
0.112707
0.0847546
0.030658
0.138044
-0.0301274
0.0287488
0.0274717
0.0933733
0.0982954
0.106899
0.0799509
0.0939232
0.0930981
0.0974792
0.122026
0.11946
0.112969
0.0580859
0.0969342
0.131122
0.126096
0.0268319
0.107431
0.0574875
0.134599
0.0952946
0.0796666
0.0793821
0.12559
0.0236196
0.104766
0.109814
0.0681356
0.00789461
0.074804
0.0226517
-0.0362601
0.0666721
0.0468835
0.0274717
0.127359
0.142909
-0.0792593
0.112183
0.0447324
0.100193
0.107696
0.119718
-0.0177212
0.072207
0.0672581
0.0858769
-0.0297688
0.141214
0.119975
0.111395
0.140728

0.0779568
0.11946
0.0422615
0.114537
-0.125283
0.158041
0.0850354
0.00622707
-0.139401
-0.0539617
0.109286
0.0765266
-0.0290524
-0.185549
0.0468835
0.0474962
0.00186489
0.162181
-0.00083867
0.139754
0.0625481
0.0805189
0.0319265
0.123558
0.0335073
0.1053
0.0958419
0.0853161
0.0190858
0.119718
0.0678433
0.0478023
0.112445
0.0654978
0.113754
0.0118739
0.134846
0.100734
0.103963
-0.0722475
0.0947466
0.0830655
0.0773853
-0.0554629
0.105567
-0.0859603
0.110078
0.120489
0.128617
-0.0637927
0.0654978
0.0872755
0.111132
-0.0237103
0.00388294
0.0742283
-0.00766196
-0.0358974
-0.0505987
0.0652038
-0.0726348
0.149136
0.0493294
0.0663789
0.151266
0.132616
0.0839109
-0.0107627
0.103158
0.0980235
0.101813
0.0958419
0.0511552
0.0284298
0.135833
0.0164757
0.0881123
0.141456
-0.000161443
0.140971
0.0538801
-0.10285
0.074804
0.134104
0.00051493
0.13187
0.0174562
0.141941
0.0684277
0.148898
0.0681356
0.0844736
0.0128637
0.0739401
0.0592802
0.0733632
0.117654
0.0631396
0.0950207
-0.0388059
0.00555843
0.0906128
0.0698852
0.138533
0.0428805
0.0496343
0.0517622
0.0819356
0.107696
0.118429
0.0864369
-0.0660861
0.116618
0.103963
0.0520653
0.0514588
0.147708
0.0790974
0.149847
0.101004
-0.0649383
0.132865
0.147947
0.0164757
0.133857
-0.0603701
0.0853161
0.119718
0.0982954
0.0249071
0.0707573
0.0397772
0.0827833
0.100734
0.0963884
0.0574875
0.12559
0.141214
0.12559
0.00152771
0.074804
0.116099
0.113754
0.141699
0.0290675
-0.0428309
0.0274717
0.00421852
0.0559879
0.117136
0.0505474
0.0836293
0.032243
-0.0634114
-0.00697548
-0.00800554
0.080235
0.0538801
0.139754
0.00822748
0.0952946
0.0672581
-0.0111084
0.150793
0.107165
0.0730744
0.121515
0.129621
0.141214
0.0939232
0.139266
0.126349
0.0232972
0.0559879
0.116358
0.0649095
0.118687
-0.0931401
0.0468835
0.0577868
0.0669652
0.121259
0.0529736
0.112707
0.138289
0.0478023
-0.113964
0.0164757
0.0985671
0.113492
0.102889
0.0822183
0.117913
-0.0603701
0.0502433
0.0756662
0.116877
0.0972068
0.0678433
-0.0191242
0.0765266
0.0939232
0.102621
0.0996521
0.0407104
0.11946
-0.0297688
0.0131932
0.120489
0.0867166
0.142909
0.0239418
0.00253848
0.0813695
0.0950207
0.015821
0.122282
0.123048
0.0312926
0.13162
-0.0859603
-0.00287598
0.0413314
0.00555843
0.114276
0.0827833
0.127107
0.0601739
-0.204356
0.0369662
0.0258705
-0.0730224
0.1061
0.152913
0.132367
0.0450403
0.0268319
0.0164757
0.0742283
0.0736517
0.128869
0.14747
0.0944723
-0.00389773
0.107962
-0.00219596
0.152913
-0.160507
-0.0180716
0.118945
0.104766
0.142183
0.118945
0.137309
-0.0454079
0.114276
0.0958419
0.124829
-0.0509713
-0.00903776
0.0604713
0.0171295
0.136326
0.0657917
0.139754
0.0481081
-0.0118005
0.0379051
0.0710477
0.0341381
-0.0159727
0.0906128
0.117136
0.0529736
0.0996521
0.0265116
0.134104
0.137799
0.0586835
-0.00458008
0.114798
0.112707
0.075379
0.0930981
0.10955
0.0727855
-0.0824031
0.00988831
0.104766
0.103426
0.0925472
0.121515
0.0112129
0.0319265
-0.0191242
0.105834
-0.0170211
0.0822183
0.0733632
0.0353971
-0.00185632
0.09911
0.0750916
-0.0159727
0.0782422
0.103695
0.0604713
0.0583847
0.0128637
0.0730744
0.0914429
0.0914429
0.112183
0.0914429
0.0478023
0.153148
0.0660854
0.0944723
0.0917193
-0.00355691
0.0502433
0.138044
0.139998
0.0595783
0.106633
0.0544833
0.112183
0.0858769
0.030658
0.0756662
-0.0187731
0.103158
-0.0237103
0.0980235
0.133857
-0.0180716
-0.00185632
0.153617
0.0855966
0.0745163
0.126602
0.0963884
0.072207
0.143874
0.0523683
0.0687196
0.0739401
0.0363392
0.114276
0.0397772
0.0813695
0.150557
0.0724964
0.130872
0.0465768
0.0850354
0.039154
0.0145088
0.0730744
0.0138514
-0.00560527
0.0586835
-0.00594749
0.0151653
0.0695941
0.0985671
0.156186
0.120232
0.118945
0.0580859
-0.156497
-0.141568
0.114798
0.114276
0.0508515
-0.044302
0.115058
0.121515
0.0363392
-0.00151688
0.103426
0.105033
0.00889251
0.0484137
0.106633
0.0833475
0.126602
0.0363392
-0.00321635
0.0911664
0.0776711
0.0474962
-0.0417302
0.0583847
0.0793821
-0.062269
-0.00663257
0.111132
0.0974792
0.0867166
0.122793
0.0592802
0.103158
0.103158
0.0750916
0.0520653
0.135587
0.124575
-0.0340875
-0.106943
0.0906128
0.126349
-0.031564
0.101274
0.080235
-0.0479971
0.0707573
0.0999228
0.0628439
0.110605
0.0562883
0.134104
0.0610657
0.149373
0.039154
0.0229745
-0.0565915
0.0788125
0.0496343
0.0616592
0.00354721
0.102889
0.125083
0.122538
0.0128637
0.00186489
0.1053
0.122793
0.0822183
0.0977515
0.0369662
0.141214
0.135093
0.0793821
0.142909
-0.212022
0.119203
0.103963
0.139754
0.149136
0.0906128
0.111132
0.0869961
-0.104484
0.0993811
0.075379
0.0210341
0.15103
-0.0358974
-0.046886
0.0431896
0.0889475
0.0631396
0.115579
0.0187603
0.0601739
0.0864369
0.132616
0.0375923
0.0487192
0.0701761
0.0939232
0.130872
0.108757
0.119718
0.0687196
0.0672581
0.0961152
0.0675508
0.0526711
0.0226517
0.112707
0.125843
0.0892255
-0.010072
0.0403995
-0.0645562
-0.0871509
0.147708
-0.0337263
0.126854
0.104766
0.0892255
0.029386
-0.0737983
0.0177825
0.161952
0.13951
-0.036623
0.0508515
0.0847546
0.125843
0.0220053
0.0810862
0.0930981
0.103695
0.0693028
0.0750916
0.0281107
0.0438074
0.0925472
0.0255496
0.0556874
0.117136
0.101813
0.114015
0.0316096
0.0980235
0.0793821
-0.0891405
0.0827833
0.134846
-0.0664693
0.111658
0.107962
0.103695
0.076813
0.0822183
0.101813
0.124321
0.114537
0.0419517
-0.00355691
0.0379051
0.0290675
0.0245856
0.108757
-0.0424638
0.072207
0.0148372
0.0447324
0.107962
0.0319265
0.0529736
0.142667
0.041021
-0.0428309
0.0936484
0.0499389
0.0108821
0.131371
0.131122
0.0523683
0.14747
0.110342
0.0341381
0.09911
0.0985671
-0.00663257
0.121002
0.0770993
0.0161484
0.144115
0.118429
0.121771
0.089781
0.0999228
0.0151653
0.122026
0.0969342
0.113492
0.0675508
0.122026
0.103158
-0.0131875
0.0465768
0.0135224
0.0459628
0.132367
-0.0645562
0.0265116
0.116618
0.0669652
0.0972068
-0.114796
0.106367
0.0917193
0.145077
-0.00697548
0.0174562
-0.00389773
0.03853
0.133857
-0.0395355
0.0529736
0.0316096
0.00555843
0.0634351
0.0462699
0.0544833
0.134352
0.0316096
0.0779568
0.0640254
0.0115435
0.108492
-0.046886
0.0936484
0.0309754
0.0553867
0.0903357
0.0505474
-0.0166714
0.0922714
0.0810862
0.14315
0.103158
0.0756662
0.0128637
0.0242638
0.0810862
-0.0351727
-0.0550872
0.0724964
0.116358
0.074804
0.117913
0.115579
0.116618
0.127611
0.105033
0.126602
0.13187
0.0541818
0.118429
0.12912
0.105834
0.130872
0.0637304
0.0724964
0.112445
0.129872
0.111132
0.0309754
0.0969342
-0.0472561
0.0553867
0.0441159
0.0690113
0.126349
0.114537
0.133361
0.139998
0.123812
0.108492
-0.0899383
0.064615
-0.0138824
0.0297043
0.0397772
0.0779568
-0.0517174
-0.0265527
0.0520653
0.0939232
0.0855966
0.0261911
0.103963
0.0607686
0.0793821
0.0574875
0.118687
0.0328756
-0.0871509
-0.00355691
0.0790974
0.0813695
0.117395
0.0698852
0.0141802
0.0867166
0.0187603
0.0736517
0.13162
-0.111477
0.105834
0.10955
0.102082
0.0360254
0.00689476
0.072207
0.0154933
0.0810862
0.0394657
0.119975
-0.092338
0.104766
0.0465768
0.0756662
0.0369662
0.115579
0.102352
0.0281107
0.0303403
0.101544
0.0810862
-0.0769125
-0.0237103
0.0969342
0.0939232
-0.0261966
0.121515
0.0695941
0.0303403
0.126349
-0.0596123
0.0490244
0.0444243
0.0773853
0.0993811
0.126602
0.0858769
0.103426
0.0808026
0.112969
0.0805189
0.127611
0.122026
0.0511552
0.0833475
0.12912
0.127611
0.0316096
0.101004
0.0770993
0.130872
0.0996521
0.0908897
0.0637304
0.0925472
0.034768
0.0952946
0.118945
0.0713378
0.00689476
0.072207
0.00889251
-0.00663257
0.0526711
0.0544833
0.0287488
0.125336
0.143633
-0.106122
0.108492
0.0431896
0.0999228
0.103158
0.121259
-0.0156237
0.0906128
0.0511552
0.0869961
-0.0301274
0.142425
0.119203
0.10955
0.141456

0.0841923
0.124575
0.0394657
0.0955683
-0.128251
0.142425
0.102621
0.0265116
-0.125283
-0.0599911
0.0908897
0.0886693
-0.0333653
-0.150748
0.0118739
0.0520653
0.0141802
0.153383
0.0118739
0.148423
0.0505474
0.0796666
0.0220053
0.118945
0.0481081
0.107431
0.113231
0.0836293
-0.00800554
0.11192
0.0468835
0.0562883
0.107696
0.0496343
0.105567
0.0309754
0.132367
0.103426
0.0977515
-0.0607493
0.108492
0.0833475
0.0462699
-0.080829
0.120489
-0.0843767
0.0980235
0.103426
0.122793
-0.0730224
0.0444243
0.0980235
0.105834
-0.0340875
0.00889251
0.0520653
0.012204
-0.0391706
-0.0487392
0.0496343
-0.0761324
0.152208
0.0357114
0.0966614
0.142667
0.132865
0.103695
-0.0251296
0.0756662
0.0982954
0.120232
0.121259
0.0450403
0.045348
0.11946
0.0154933
0.074804
0.127863
-0.00903776
0.142183
0.0598762
-0.105712
0.110868
0.124067
-0.0237103
0.13951
0.039154
0.130872
0.0765266
0.141214
0.0493294
0.0941979
0.0145088
0.0559879
0.0693028
0.0850354
0.115319
0.0357114
0.118687
-0.0215886
0.00722831
0.0903357
0.04719
0.131371
0.0474962
0.0690113
0.0541818
0.112445
0.131371
0.100193
0.0906128
-0.0584776
0.1061
0.110078
0.0675508
0.0213581
0.152678
0.0850354
0.144356
0.0958419
-0.0424638
0.130372
0.140971
0.0184346
0.116877
-0.0424638
0.0933733
0.126096
0.106633
0.0268319
0.0785275
0.045348
0.0776711
0.117136
0.0908897
0.0654978
0.123812
0.133857
0.12937
0.0145088
0.0610657
0.121515
0.120746
0.135833
0.0447324
-0.0219417
0.032243
0.0258705
0.0425711
0.086157
0.0785275
0.100193
0.0394657
-0.0780847
-0.00800554
0.000852753
0.0855966
0.0872755
0.127107
0.0184346
0.0977515
0.0788125
-0.00766196
0.13951
0.111132
0.0733632
0.123048
0.133361
0.142183
0.0906128
0.135587
0.12559
0.032243
0.0290675
0.123558
0.0872755
0.116877
-0.0947475
0.0316096
0.0640254
0.0625481
0.121771
0.0382176
0.105834
0.137799
0.0499389
-0.0959559
-0.00560527
0.112183
0.119718
0.0853161
0.101544
0.122538
-0.0780847
0.057188
0.0892255
0.104766
0.0911664
0.0773853
0.020061
0.0640254
0.0881123
0.112969
0.0833475
0.0265116
0.118687
-0.036623
0.0207099
0.128617
0.0950207
0.140728
0.029386
0.00388294
0.0858769
0.120232
0.0151653
0.124829
0.160577
0.0428805
0.118171
-0.0955529
-0.00938225
0.0341381
-0.00423879
0.112183
0.0736517
0.121002
0.0698852
-0.206743
0.0319265
0.0350827
-0.0626495
0.104766
0.138044
0.127359
0.0379051
0.00922467
0.0297043
0.0878336
0.0652038
0.128869
0.135093
0.0925472
-0.00628989
0.111132
-0.00458008
0.15103
-0.145486
0.0108821
0.106633
0.103426
0.130122
0.112707
0.137554
-0.0417302
0.101274
0.106633
0.0985671
-0.0558388
-0.0142301
0.0911664
0.020061
0.142909
0.039154
0.145317
0.0631396
-0.000499952
0.0229745
0.0610657
0.0242638
0.00555843
0.075379
0.111132
0.0394657
0.0750916
0.0481081
0.128114
0.134104
0.0490244
-0.0142301
0.101274
0.13951
0.0881123
0.0900585
0.0827833
0.0678433
-0.0699291
0.019411
0.101274
0.111132
0.0710477
0.110605
0.0141802
0.0499389
-0.0269091
0.125083
0.0239418
0.0825009
0.0793821
0.0232972
-0.00321635
0.123812
0.075379
-0.0111084
0.0779568
0.112707
0.0562883
0.0462699
0.00455384
0.105834
0.100193
0.0925472
0.113492
0.106899
0.0550858
0.150793
0.0526711
0.106633
0.0908897
-0.0212359
0.04719
0.130622
0.13608
0.0517622
0.0892255
0.0574875
0.124575
0.0955683
0.0261911
0.0914429
-0.0265527
0.102082
-0.0340875
0.0750916
0.125336
-0.00219596
-0.0118005
0.142909
0.101813
0.0790974
0.103695
0.120489
0.0553867
0.143633
0.0447324
0.0779568
0.0955683
0.0316096
0.110605
0.00253848
0.0640254
0.133857
0.075379
0.122026
0.0397772
0.075379
0.0634351
-0.00903776
0.0628439
0.0187603
0.0164757
0.0400884
-0.0286946
0.00119035
0.0640254
0.136326
0.148185
0.0939232
0.0939232
0.0625481
-0.162745
-0.137673
0.107696
0.12559
0.0719175
-0.0505987
0.114015
0.110342
0.0328756
-0.00766196
0.119203
0.0813695
0.0249071
0.0360254
0.112445
0.0678433
0.138778
0.019411
-0.0258407
0.104498
0.0908897
0.0450403
-0.0351727
0.0678433
0.0944723
-0.0626495
0.0407104
0.0988386
0.0900585
0.080235
0.127107
0.0465768
0.122538
0.114276
0.0872755
0.0681356
0.124067
0.114276
-0.0124935
-0.112719
0.0952946
0.130622
-0.0417302
0.110868
0.0759532
-0.0532125
0.0484137
0.106367
0.0616592
0.122282
0.0595783
0.125843
0.0553867
0.129872
0.0523683
0.0625481
-0.0722475
0.103426
0.0637304
0.0716277
-0.00869345
0.107696
0.106633
0.121259
0.0271519
-0.0131875
0.107962
0.124321
0.0478023
0.0963884
0.0366528
0.143633
0.134352
0.0999228
0.129872
-0.208658
0.10955
0.0996521
0.121771
0.145796
0.0666721
0.103695
0.0730744
-0.107765
0.12559
0.0875546
0.0236196
0.144596
-0.0187731
-0.0513442
0.019411
0.0793821
0.07624
0.116358
0.0249071
0.053276
0.076813
0.131122
0.0388421
0.0601739
0.07624
0.0906128
0.101544
0.0839109
0.119975
0.0474962
0.0827833
0.0895034
0.0678433
0.0331915
0.0517622
0.0980235
0.122793
0.0872755
-0.0219417
0.0309754
-0.085564
-0.0895393
0.14315
-0.0409976
0.126349
0.110078
0.101004
0.0265116
-0.0891405
0.0232972
0.14747
0.120746
-0.0159727
0.0583847
0.0950207
0.126349
0.0135224
0.103426
0.109286
0.104766
0.0941979
0.0850354
0.0580859
0.0372794
0.103426
0.0022018
0.0375923
0.116618
0.110078
0.119975
0.0255496
0.0816526
0.0827833
-0.103666
0.0727855
0.142183
-0.0676202
0.103426
0.108492
0.0966614
0.0547847
0.0698852
0.1061
0.127107
0.109814
0.039154
0.0112129
0.0490244
0.0357114
0.0360254
0.0963884
-0.0596123
0.076813
0.0316096
0.0400884
0.116877
0.0309754
0.0698852
0.138778
0.0484137
-0.0645562
0.0788125
0.0538801
0.0075616
0.118945
0.143392
0.0261911
0.145796
0.115839
0.0450403
0.104766
0.0782422
0.00988831
0.135093
0.0782422
0.00488893
0.130622
0.124067
0.123558
0.109021
0.0841923
0.0357114
0.135093
0.107696
0.115319
0.0447324
0.122538
0.0886693
-0.00628989
0.0719175
0.0508515
0.034768
0.142425
-0.0726348
0.0232972
0.119718
0.0444243
0.0977515
-0.092338
0.0999228
0.107962
0.134104
-0.0128404
0.00589289
0.00321116
0.0580859
0.130122
-0.0472561
0.064615
0.0177825
-0.0118005
0.0517622
0.0607686
0.0649095
0.122282
0.0271519
0.080235
0.0577868
0.00889251
0.0988386
-0.0554629
0.0739401
0.0517622
0.0425711
0.0961152
0.0601739
-0.00526329
0.107165
0.0713378
0.135093
0.0906128
0.0514588
0.0203856
0.0268319
0.0941979
-0.0428309
-0.0599911
0.0465768
0.109286
0.0704668
0.113231
0.101544
0.119975
0.110078
0.123303
0.128617
0.12937
0.0357114
0.111132
0.132616
0.0903357
0.133609
0.0649095
0.0312926
0.112969
0.129872
0.1053
0.032243
0.106633
-0.0513442
0.0517622
0.0514588
0.1053
0.119975
0.0996521
0.146036
0.123303
0.117136
0.102889
-0.085168
0.0478023
-0.00151688
0.0325594
0.0341381
0.0652038
-0.0565915
-0.00253587
0.0853161
0.107696
0.100464
0.00186489
0.101544
0.0779568
0.0833475
0.0586835
0.10423
0.0125339
-0.0843767
-0.0121469
0.0776711
0.0637304
0.118945
0.0785275
0.012204
0.0604713
0.0303403
0.0568883
0.126854
-0.085168
0.110342
0.101004
0.106633
0.0505474
0.00388294
0.0903357
0.00789461
0.0906128
0.0640254
0.112969
-0.0588555
0.10955
0.0357114
0.0745163
0.0255496
0.113492
0.086157
0.0328756
0.0245856
0.0933733
0.0652038
-0.0558388
-0.00355691
0.101274
0.0833475
-0.0170211
0.125843
0.0759532
0.0131932
0.127359
-0.0395355
0.0672581
0.0255496
0.0855966
0.0782422
0.122538
0.0698852
0.126854
0.0993811
0.0952946
0.0999228
0.119975
0.113231
0.0297043
0.089781
0.143874
0.110342
0.0379051
0.101004
0.0447324
0.135093
0.0963884
0.0785275
0.0634351
0.107696
0.0245856
0.116618
0.104766
0.0669652
0.0335073
0.0825009
0.0131932
-0.0104172
0.0707573
0.0520653
0.0164757
0.116618
0.145077
-0.0955529
0.122026
0.0601739
0.0841923
0.0911664
0.107431
-0.0240648
0.101544
0.0413314
0.0855966
-0.0399007
0.140728
0.124575
0.110868
0.143392

0.076813
0.119975
0.0394657
0.0969342
-0.122329
0.151266
0.0799509
0.0207099
-0.13466
-0.0637927
0.0933733
0.0813695
-0.0487392
-0.179546
0.0131932
0.0249071
0.0203856
0.166496
-0.000499952
0.12912
0.0580859
0.0988386
0.0407104
0.117913
0.029386
0.0878336
0.111658
0.0830655
-0.0373497
0.111658
0.0416417
0.0553867
0.0903357
0.0520653
0.101274
0.0281107
0.141214
0.0928227
0.117395
-0.085168
0.0790974
0.086157
0.0468835
-0.077303
0.112445
-0.0776937
0.103963
0.101544
0.13187
-0.0730224
0.045348
0.0900585
0.0914429
-0.0476265
-0.00869345
0.0574875
-0.00800554
-0.00628989
-0.0745753
0.0595783
-0.0955529
0.160807
0.0428805
0.0616592
0.153383
0.13162
0.089781
-0.009727
0.074804
0.0853161
0.0972068
0.111132
0.0654978
0.0468835
0.13534
-0.00185632
0.0788125
0.15103
0.0022018
0.143633
0.0583847
-0.117296
0.0836293
0.140241
0.0210341
0.141456
0.0197361
0.123303
0.0514588
0.148661
0.0577868
0.106367
0.0145088
0.064615
0.0502433
0.0773853
0.117136
0.0255496
0.1061
-0.0149264
0.0052238
0.106899
0.0727855
0.110605
0.0517622
0.0666721
0.0300224
0.0847546
0.116877
0.115058
0.0844736
-0.0502262
0.110342
0.107962
0.0634351
0.0245856
0.148185
0.0719175
0.149136
0.0799509
-0.0240648
0.131122
0.150321
0.0118739
0.152443
-0.0380773
0.106367
0.126096
0.0855966
0.0281107
0.0678433
0.0550858
0.0805189
0.115319
0.0601739
0.0637304
0.120489
0.14315
0.128617
0.0145088
0.0574875
0.120746
0.117913
0.148661
0.0363392
-0.0395355
0.0325594
0.00722831
0.0372794
0.0839109
0.0724964
0.101544
0.015821
-0.0611289
0.00321116
0.0145088
0.0790974
0.0649095
0.124067
0.0135224
0.0799509
0.0589819
-0.00800554
0.152913
0.109286
0.0704668
0.126349
0.128617
0.165592
0.100734
0.132865
0.113231
0.0095566
0.0425711
0.0906128
0.0574875
0.13162
-0.0687735
0.0666721
0.0684277
0.0478023
0.118171
0.020061
0.110078
0.144356
0.0517622
-0.118551
-0.0272657
0.0858769
0.117654
0.105567
0.0844736
0.116099
-0.0454079
0.0601739
0.0808026
0.117136
0.0819356
0.0745163
-0.00389773
0.0836293
0.109814
0.114276
0.0875546
0.0135224
0.132367
-0.0528384
0.0190858
0.134599
0.080235
0.131122
0.0416417
-0.0269091
0.0974792
0.0988386
0.0131932
0.126349
0.128114
0.0268319
0.128869
-0.0887421
-0.0166714
0.0154933
-0.0138824
0.0941979
0.0745163
0.132865
0.0598762
-0.211059
0.0325594
0.0468835
-0.0634114
0.086157
0.15502
0.112445
0.0687196
0.0075616
0.0265116
0.0669652
0.0663789
0.137063
0.150084
0.107696
-0.0319238
0.114537
-0.0237103
0.152208
-0.152071
-0.000499952
0.109814
0.114015
0.149847
0.1053
0.143392
-0.0402661
0.121515
0.100464
0.0963884
-0.0550872
-0.0362601
0.062252
0.0075616
0.147708
0.0145088
0.152913
0.0493294
-0.0237103
0.0350827
0.0654978
0.0281107
0.00722831
0.0643203
0.116877
0.0478023
0.0886693
0.0739401
0.130122
0.147231
0.0508515
-0.0276226
0.13187
0.111132
0.0799509
0.0917193
0.105567
0.0419517
-0.0847722
0.0216818
0.0719175
0.09911
0.0733632
0.110078
0.00656103
0.0468835
-0.0194755
0.106633
0.00689476
0.0830655
0.0589819
0.0203856
-0.0294105
0.114798
0.0619557
0.0181087
0.0660854
0.0911664
0.0360254
0.0431896
0.00186489
0.0813695
0.0928227
0.0933733
0.0813695
0.0867166
0.0496343
0.144837
0.0541818
0.0950207
0.0816526
-0.0258407
0.0450403
0.146275
0.133113
0.0428805
0.0955683
0.0431896
0.108492
0.0827833
0.0274717
0.072207
-0.0388059
0.101544
-0.0487392
0.0716277
0.107431
0.00722831
-0.0180716
0.150084
0.0652038
0.0827833
0.0941979
0.0844736
0.0353971
0.138289
0.045348
0.0556874
0.0604713
0.0462699
0.0988386
0.0148372
0.0972068
0.152913
0.0637304
0.109021
0.0681356
0.0810862
0.0529736
-0.00663257
0.0547847
0.0220053
0.0135224
0.0425711
-0.0565915
0.00589289
0.0538801
0.119203
0.158735
0.0941979
0.0930981
0.0428805
-0.155166
-0.149429
0.109286
0.114276
0.0649095
-0.0539617
0.103426
0.110342
0.0574875
-0.00458008
0.126096
0.0958419
0.0187603
0.0252285
0.103695
0.0693028
0.135587
0.03853
-0.025485
0.101813
0.0872755
0.0550858
-0.0322838
0.0550858
0.0930981
-0.0695437
0.0203856
0.0972068
0.0839109
0.080235
0.140485
0.0508515
0.0867166
0.112707
0.0822183
0.0604713
0.129872
0.118945
-0.0163219
-0.0971668
0.0906128
0.136326
-0.045039
0.0844736
0.0822183
-0.0431983
0.0607686
0.0993811
0.0450403
0.107431
0.0586835
0.105033
0.0785275
0.142183
0.0456555
0.0434986
-0.0683888
0.0825009
0.0586835
0.0649095
0.00253848
0.103963
0.0961152
0.126096
0.0108821
-0.00628989
0.0869961
0.135093
0.0544833
0.0785275
0.030658
0.130372
0.160117
0.0933733
0.140971
-0.167245
0.0925472
0.0988386
0.136817
0.147231
0.0598762
0.126349
0.0825009
-0.127402
0.117913
0.0736517
0.0325594
0.146275
-0.0230022
-0.048368
0.00856009
0.075379
0.0508515
0.113231
0.0271519
0.0538801
0.0643203
0.131371
0.0287488
0.0444243
0.0864369
0.0999228
0.119203
0.0872755
0.125843
0.039154
0.0698852
0.0847546
0.0514588
0.0112129
0.0481081
0.0952946
0.108492
0.0919954
-0.0135348
0.04719
-0.0769125
-0.113134
0.139266
-0.0208833
0.114537
0.09911
0.110605
0.000176879
-0.0907371
0.0154933
0.15432
0.113231
-0.0319238
0.0565884
0.0816526
0.129621
-0.0163219
0.0900585
0.104766
0.103695
0.0526711
0.0841923
0.0434986
0.0397772
0.0928227
-0.00355691
0.0372794
0.121771
0.102889
0.0947466
0.0138514
0.0869961
0.0836293
-0.106532
0.0643203
0.140971
-0.0664693
0.11192
0.132367
0.0844736
0.0529736
0.072207
0.109021
0.120232
0.112969
0.0643203
0.0203856
0.0303403
0.0190858
0.034768
0.0952946
-0.0577224
0.0690113
0.030658
0.03853
0.123048
0.0112129
0.0583847
0.133361
0.04719
-0.0505987
0.0919954
0.0268319
0.00354721
0.127863
0.132367
0.0203856
0.143874
0.115319
0.0168027
0.110342
0.0853161
0.0252285
0.136326
0.0669652
0.0164757
0.127107
0.0993811
0.140241
0.0825009
0.110342
0.0281107
0.117136
0.106367
0.128869
0.0742283
0.123558
0.102082
-0.0145782
0.0654978
0.0252285
0.0607686
0.13187
-0.080829
0.0303403
0.118171
0.0431896
0.104766
-0.117714
0.089781
0.0941979
0.146275
-0.0286946
-0.0131875
0.00789461
0.0583847
0.139998
-0.0479971
0.053276
0.0366528
0.019411
0.0357114
0.0517622
0.0565884
0.114798
0.0400884
0.0790974
0.0394657
-0.017371
0.11192
-0.0676202
0.0657917
0.0425711
0.0372794
0.105033
0.0574875
-0.0131875
0.1061
0.0669652
0.150084
0.103158
0.0447324
-0.0187731
0.0353971
0.0919954
-0.0373497
-0.0592338
0.0799509
0.127863
0.0745163
0.126349
0.124829
0.112183
0.115839
0.123048
0.124575
0.145557
0.030658
0.127359
0.148898
0.110605
0.118171
0.0669652
0.0441159
0.0993811
0.151973
0.103426
0.0290675
0.0972068
-0.0435659
0.0403995
0.0484137
0.0619557
0.115058
0.0886693
0.136326
0.125083
0.133857
0.109814
-0.0695437
0.0496343
-0.00492156
0.0303403
0.0226517
0.0675508
-0.0498541
-0.0279797
0.0538801
0.102082
0.104766
-0.000161443
0.09911
0.0657917
0.053276
0.0580859
0.102082
0.00321116
-0.0649383
0.0022018
0.076813
0.0628439
0.134104
0.0816526
0.0141802
0.0505474
0.0459628
0.0776711
0.155487
-0.11065
0.108757
0.130372
0.110605
0.0397772
0.00152771
0.0816526
0.0112129
0.0788125
0.0526711
0.128114
-0.0796513
0.0853161
0.0407104
0.086157
0.0559879
0.121259
0.0847546
0.00555843
0.0102198
0.0900585
0.0776711
-0.0745753
-0.0187731
0.0892255
0.0825009
0.00722831
0.109021
0.0858769
0.00889251
0.13162
-0.0417302
0.0456555
0.0303403
0.0974792
0.0850354
0.111658
0.0790974
0.0961152
0.0830655
0.103158
0.0977515
0.12937
0.116099
0.045348
0.106899
0.112445
0.125843
0.0422615
0.1061
0.0580859
0.137309
0.0883909
0.064615
0.0878336
0.116358
0.0242638
0.112707
0.102889
0.0663789
0.00354721
0.0634351
0.0242638
-0.00697548
0.0628439
0.0511552
0.0444243
0.0999228
0.143392
-0.100814
0.0996521
0.034768
0.0742283
0.0980235
0.123812
-0.0233561
0.0996521
0.0663789
0.0805189
-0.0703149
0.140728
0.110868
0.114798
0.154086

0.0833475
0.122282
0.053276
0.114276
-0.132945
0.154553
0.0886693
0.0164757
-0.127827
-0.0618887
0.110078
0.0963884
-0.0388059
-0.171774
0.0128637
0.0465768
-0.00458008
0.16964
-0.00560527
0.13534
0.0607686
0.103426
0.0556874
0.140485
0.0465768
0.120746
0.121771
0.089781
-0.00492156
0.132119
0.0325594
0.0589819
0.121515
0.0839109
0.113231
0.020061
0.144596
0.107431
0.107962
-0.0887421
0.0993811
0.0930981
0.0592802
-0.0749641
0.0993811
-0.0931401
0.109021
0.115579
0.119718
-0.053587
0.0793821
0.115058
0.115579
-0.0435659
0.0112129
0.0707573
0.0197361
-0.0592338
-0.0520908
0.0499389
-0.0761324
0.166044
0.0447324
0.0830655
0.165366
0.13608
0.0813695
0.00488893
0.114276
0.100734
0.120489
0.120232
0.0592802
0.0526711
0.137063
0.0095566
0.114015
0.140728
0.00388294
0.15103
0.0827833
-0.0859603
0.101004
0.141699
0.0148372
0.141456
0.0425711
0.130872
0.0799509
0.156186
0.0643203
0.103158
0.0331915
0.0628439
0.0782422
0.101274
0.121515
0.0604713
0.116358
-0.0391706
0.0022018
0.100734
0.0819356
0.138778
0.0613626
0.0855966
0.0550858
0.0996521
0.132367
0.117395
0.0933733
-0.0596123
0.116618
0.110078
0.0613626
0.0274717
0.162181
0.0698852
0.152913
0.1061
-0.0676202
0.135093
0.155487
0.000176879
0.137063
-0.0502262
0.0941979
0.127359
0.121259
0.0255496
0.086157
0.0447324
0.0833475
0.118687
0.109286
0.0678433
0.132865
0.151737
0.13187
0.0309754
0.0616592
0.117654
0.119975
0.161494
0.0559879
-0.0215886
0.0511552
0.00589289
0.0481081
0.112445
0.0559879
0.105033
0.0181087
-0.0618887
0.0052238
-0.00423879
0.0917193
0.0827833
0.139998
0.0297043
0.0858769
0.0906128
0.00388294
0.137799
0.108492
0.0858769
0.131122
0.13187
0.153851
0.111395
0.134352
0.120232
0.0335073
0.0604713
0.113754
0.0727855
0.143392
-0.0895393
0.0514588
0.0690113
0.0586835
0.118687
0.0484137
0.105567
0.135833
0.0799509
-0.120647
-0.00185632
0.105834
0.115839
0.112183
0.0980235
0.11192
-0.0607493
0.0450403
0.0825009
0.118429
0.114276
0.080235
0.0316096
0.0858769
0.124067
0.118687
0.117913
0.0151653
0.137799
-0.045777
0.0102198
0.134352
0.108492
0.142909
0.0203856
-0.0163219
0.076813
0.106367
0.0245856
0.124829
0.118945
0.0331915
0.139998
-0.0800436
-0.0251296
0.039154
-0.0308452
0.129872
0.0944723
0.126349
0.0598762
-0.212986
0.0450403
0.0468835
-0.0611289
0.111658
0.150793
0.130122
0.0438074
0.0255496
0.0303403
0.0739401
0.0793821
0.126602
0.140728
0.0939232
-0.0107627
0.115058
0.00421852
0.173859
-0.149868
0.0181087
0.120489
0.124321
0.150557
0.124067
0.139022
-0.00560527
0.127611
0.111658
0.132367
-0.0611289
-0.00321635
0.0827833
0.0335073
0.145317
0.0438074
0.142425
0.0556874
-0.00151688
0.0379051
0.0716277
0.0438074
-0.00253587
0.0933733
0.122538
0.0403995
0.111658
0.0529736
0.141699
0.136326
0.0565884
-0.00219596
0.121515
0.132865
0.089781
0.0930981
0.107962
0.0434986
-0.0907371
0.0171295
0.117654
0.0911664
0.0872755
0.127107
-0.00526329
0.0394657
-0.0184222
0.111658
0.0161484
0.0950207
0.0790974
0.0281107
-0.000499952
0.128114
0.0675508
0.00722831
0.0819356
0.120232
0.0450403
0.0724964
-0.00663257
0.0972068
0.0914429
0.0966614
0.102082
0.100734
0.0431896
0.151973
0.0813695
0.110605
0.104766
-0.00185632
0.0577868
0.159196
0.139022
0.0568883
0.108227
0.0710477
0.122026
0.0944723
0.0255496
0.0930981
-0.0269091
0.109021
-0.0340875
0.0947466
0.140241
-0.00492156
0.00988831
0.164912
0.0793821
0.0903357
0.112707
0.105033
0.0580859
0.140971
0.0499389
0.0580859
0.0822183
0.0375923
0.127863
0.0413314
0.0919954
0.14961
0.0914429
0.129872
0.0523683
0.089781
0.074804
0.00988831
0.0739401
0.0338227
0.0187603
0.03853
-0.045039
-0.00458008
0.0785275
0.11946
0.158504
0.119975
0.111658
0.0619557
-0.174964
-0.116462
0.112445
0.120232
0.0869961
-0.0645562
0.117913
0.122282
0.0428805
0.000852753
0.130372
0.130122
0.0316096
0.0319265
0.118687
0.0982954
0.135093
0.0341381
-0.0237103
0.105033
0.0985671
0.0583847
-0.0498541
0.0745163
0.0947466
-0.0891405
0.0249071
0.0993811
0.103963
0.0985671
0.13187
0.0520653
0.0883909
0.112969
0.0947466
0.0526711
0.144356
0.134104
-0.00321635
-0.121487
0.104498
0.128366
-0.044302
0.112445
0.105033
-0.020531
0.0756662
0.110078
0.0681356
0.10955
0.0487192
0.136817
0.0745163
0.135587
0.0490244
0.0577868
-0.0494822
0.09911
0.0462699
0.0908897
0.0213581
0.103695
0.116099
0.130872
0.030658
-0.00117766
0.111658
0.138289
0.076813
0.106633
0.0577868
0.146036
0.144596
0.0900585
0.138289
-0.19067
0.126602
0.0941979
0.144115
0.144837
0.0993811
0.120232
0.089781
-0.125283
0.119975
0.0816526
0.0125339
0.143633
-0.0461464
-0.0812222
0.030658
0.0908897
0.0903357
0.119975
0.0300224
0.0819356
0.0895034
0.140728
0.0434986
0.0484137
0.0875546
0.0961152
0.127107
0.0933733
0.130622
0.0375923
0.0796666
0.0974792
0.0710477
0.0245856
0.0520653
0.112183
0.133857
0.0996521
-0.0170211
0.0363392
-0.0653206
-0.115628
0.154787
-0.0272657
0.124067
0.10423
0.0952946
0.0287488
-0.0683888
0.00722831
0.153383
0.125336
-0.0269091
0.0649095
0.0917193
0.13951
0.019411
0.105033
0.130122
0.116358
0.0878336
0.0939232
0.0544833
0.0583847
0.0969342
0.0428805
0.0459628
0.121515
0.117654
0.130622
0.0223286
0.0985671
0.0939232
-0.104075
0.0961152
0.134599
-0.0498541
0.117395
0.115839
0.103695
0.0900585
0.105033
0.113754
0.121002
0.11946
0.0713378
0.0135224
0.0450403
0.0141802
0.0268319
0.105033
-0.0630303
0.0773853
0.0161484
0.0643203
0.122538
0.0171295
0.0750916
0.142425
0.064615
-0.0509713
0.102082
0.0419517
0.0319265
0.132616
0.148423
0.0281107
0.144837
0.127359
0.0541818
0.114276
0.0875546
0.0341381
0.119975
0.0756662
0.0226517
0.135833
0.117395
0.130872
0.1061
0.10955
0.0450403
0.123048
0.112445
0.125083
0.0759532
0.139998
0.106899
-0.00663257
0.0628439
0.0372794
0.0535781
0.134104
-0.0839814
0.0268319
0.133361
0.0499389
0.122026
-0.119807
0.117136
0.1053
0.147947
-0.0145782
0.0271519
-0.00219596
0.0574875
0.146275
-0.0502262
0.0462699
0.0529736
0.0232972
0.0565884
0.0649095
0.0577868
0.139998
0.0538801
0.0914429
0.0388421
-0.00219596
0.121771
-0.0454079
0.102352
0.0413314
0.0484137
0.102352
0.0710477
0.00689476
0.107696
0.0782422
0.157347
0.110342
0.0756662
0.00789461
0.0338227
0.101004
-0.0265527
-0.0399007
0.0607686
0.120489
0.0750916
0.117913
0.104766
0.121259
0.12912
0.120746
0.130372
0.13608
0.0643203
0.117136
0.149373
0.10955
0.142425
0.0759532
0.0822183
0.107165
0.134104
0.101274
0.0357114
0.100734
-0.0244195
0.0508515
0.0425711
0.0825009
0.13534
0.109814
0.14315
0.138533
0.121002
0.111132
-0.0718604
0.0657917
-0.00869345
0.0379051
0.00988831
0.0544833
-0.0498541
-0.0135348
0.0672581
0.111132
0.101544
-0.0319238
0.117395
0.0759532
0.0782422
0.0616592
0.112183
0.0325594
-0.0871509
-0.0219417
0.0933733
0.0505474
0.120489
0.0847546
0.0151653
0.0830655
0.0350827
0.0779568
0.151973
-0.129528
0.116618
0.122282
0.115839
0.062252
-0.00423879
0.0941979
0.0216818
0.0950207
0.0580859
0.130622
-0.0599911
0.103963
0.0517622
0.0886693
0.0425711
0.115579
0.0966614
0.0168027
0.0268319
0.111395
0.0872755
-0.0509713
-0.020179
0.107962
0.105567
-0.00800554
0.121259
0.0889475
0.00388294
0.120746
-0.0369863
0.0625481
0.0319265
0.0799509
0.0980235
0.114015
0.0825009
0.0963884
0.0985671
0.121515
0.116877
0.120746
0.120489
0.0586835
0.086157
0.114276
0.125336
0.0369662
0.10955
0.0649095
0.141941
0.0958419
0.0895034
0.0759532
0.126096
0.0187603
0.10423
0.125336
0.0906128
0.0154933
0.0733632
0.0105511
-0.00526329
0.0816526
0.0535781
0.0177825
0.125336
0.161494
-0.0843767
0.115058
0.0514588
0.103963
0.112707
0.125083
-0.0272657
0.109814
0.057188
0.0867166
-0.045777
0.145317
0.126854
0.110078
0.150084
