0.0764244
-0.0268424
0.115078
-0.0649366
0.0482759
0.0999942
0.00602659
-0.0731492
0.0513242
0.059356
0.0273429
-0.0298662
0.0793293
0.0263945
0.0975846
-0.0390442
0.136694
-0.175952
0.0877271
-0.134747
0.101131
-0.1292
0.137021
-0.110305
0.114304
-0.05261
0.00759195
-0.128794
2.81E-03
-0.152416
0.0724022
-0.0529837
0.0822076
0.0109104
0.0567475
-0.0328995
0.136139
-0.118674
0.137183
0.067391
0.0545958
-0.132905
0.057166
-0.0815259
0.0553481
-0.0778923
0.104222
-0.0287581
0.132774
-0.0342441
0.0763453
-0.0967142
-0.0862282
-0.155236
0.110355
-0.129328
0.099247
-0.149643
0.121832
-0.0722076
0.0971568
0.0101496
0.0631635
-0.0810362
0.0785904
0.0566306
0.118806
-0.0805239
-0.0318217
-0.0720849
0.0547103
-0.124095
0.041478
0.0635692
0.0603638
-0.107202
0.0738091
-0.133979
-0.0547239
-0.12241
0.0395741
-0.0815863
0.0542307
0.0637646
0.13194
0.0699555
0.130526
0.0509664
0.123258
0.0509919
0.0758528
-0.0208888
0.0938192
0.0110995
0.110336
-0.0286306
0.0204493
0.000931399
-0.0964703
0.132561
-0.0705768
0.130368
0.0816275
0.103291
0.0336996
0.080659
0.0710038
0.128411
0.029228
-0.0240247
0.00829726
0.0332733
0.0264115
0.0147807
0.0435172
0.112402
0.106434
0.134799
-0.0323084
0.127803
0.0673134
0.0456513
0.0113392
0.109796
-0.0293699
0.0576416
0.0106751
0.141206
-0.00891437
0.143975
0.0590529
0.118007
-0.0445487
0.0351291
-0.0104098
0.0140856
-0.0922572
0.114505
0.0976593
0.0825802
-0.0622924
0.144555
0.0292024
0.113758
0.112883
0.109444
0.0671883
0.139642
0.0406284
0.141108
0.0379748
0.135183
0.114024
0.0512233
0.10968
0.145498
0.114618
0.066286
0.108599
-7.72E-05
0.115344
0.141804
-0.140436
0.00856744
-0.0727419
-0.0273773
-0.121553
-0.0502006
0.0918926
0.0981893
-0.118094
0.127657
-0.0528174
0.104296
0.0383581
0.103638
-0.0769057
0.122726
0.106162
0.0349936
-0.0412975
0.0616508
-0.10081
0.02531
-0.116248
0.018214
-0.117583
-0.0847985
-0.146389
0.00429181
-0.0551454
0.0654555
0.000515131
0.0956143
-0.132014
0.110063
-0.0666348
0.110628
-0.0409192
0.111356
-0.0629836
0.0279837
-0.111008
0.138958
-0.140106
0.133514
-0.148374
0.121544
0.023531
0.0604524
-0.110293
0.116243
-0.0176026
0.081191
-0.0864966
0.0183428
-0.0755849
0.0747149
-0.0785762
0.0153791
-0.148899
0.0551408
-0.0841348
0.042389
-0.017894
0.0300784
-0.0626382
0.0492686
-0.0790021
0.0590782
0.0752908
0.144521
-0.118485
0.127658
0.0433729
0.0629032
0.0744909
0.133994
0.101638
0.135394
0.0285314
0.13637
0.0320616
0.142044
0.0453086
0.143745
0.0483741
0.12569
0.0516517
-0.0608287
0.0432523
0.00530652
0.0159401
0.0485405
0.0119648
0.132865
0.116485
0.133699
0.144212
0.116996
0.044435
0.0206394
0.035189
-0.0102192
2.44E-02
0.0480747
0.0845443
0.115015
0.129889
0.14424
0.0889688
0.103484
0.133848
0.127805
0.132203
0.133501
0.117082
0.0404151
0.0213493
0.0264352
0.0115807
3.87E-03
0.0456452
0.111022
0.102675
0.113106
0.143209
0.12516
0.135956
0.111992
0.115857
0.122931
0.135177
0.117613
0.123349
-0.00274391
-0.028114
-0.00440318
0.0377566
0.00344136
0.0407077
0.138332
0.147373
0.127016
0.103686
0.0937092
-0.0688874
-0.0030268
0.0420113
0.00199553
0.00891668
0.133139
0.113975
0.057932
0.0372827
0.0168193
0.114276
0.139777
0.142885
0.141272
0.148083
0.1425
0.107422
0.0549356
0.040171
0.00565112
-0.00773243
0.0104082
1.43E-01
0.135244
0.139114
0.148061
0.142174
0.144962
0.138024
0.0487974
-0.000483133
0.0409958
0.00982284
0.0385675
0.142856
0.139442
0.121967
0.146543
0.076018
0.131965
0.144344
0.146822
0.143604
0.138484