-0.130059
-0.0976685
-0.187824
-0.15417
-0.141422
-0.189788
0.0342936
0.0355711
0.02482
0.0143209
-0.0257816
-0.00994719
0.00730306
0.00465873
0.0860967
0.0492628
0.0315939
0.0372368
0.00723565
0.015421
0.0200151
0.0487605
-0.0146541
-0.018557
0.0592748
-0.00946417
-0.0207618
-0.00858158
-3.79E-02
-0.0979318
-0.00687823
-0.00649954
-0.00893303
-0.0513516
-0.0566897
-0.0199635
0.00317477
0.0328929
-0.0106569
-0.0209201
0.0537057
-0.001862
0.076227
-0.0265605
0.00394954
-0.00321777
-0.0399441
-0.0409768
-0.0248859
0.071281
0.0520189
-0.014358
-0.036257
-0.0641345
0.022751
0.000419677
-0.00194526
0.0186251
0.0263101
0.050708
0.00957501
-0.0159927
0.0186165
0.0587915
-0.0346875
0.0656049
-0.00562667
0.0204444
0.00559981
0.00857893
0.0415691
-0.0751928
0.0200903
0.0221127
0.0383861
0.0591217
0.0570176
-0.03347
0.0376751
0.0312198
-0.0529057
0.0323068
0.0355053
0.0821834
-0.0637181
0.019451
0.0163008
-0.0163023
-0.095146
-0.0216497
0.00558804
0.0228135
0.00515155
0.053887
-0.00194818
-0.102993
0.013592
0.0454678
0.0258088
0.0356157
0.0389766
0.0724387
0.0299284
0.0500455
0.0148996
0.0357865
-0.0876414
0.0688384
0.0117711
0.0133488
0.0672698
-0.100778
-0.0104723
0.00400322
-0.0955859
0.00968912
0.00436312
0.0455612
0.0151787
0.0213203
-0.00643845
0.0245593
0.0545841
0.0612386
-0.0496859
0.0312896
0.0556827
-0.0851413
0.0314101
0.0668391
0.044873
0.00286234
-0.00994751
0.016578
0.036138
-0.0116866
0.0419132
-0.0212378
0.013897
0.0345417
0.00330289
0.00624783
-0.0691005
0.000389435
0.0280343
0.018584
0.0272772
0.0699064