0.0872709
0.066304
0.00673182
0.0341498
-0.00596253
0.0289102
-0.0479393
-0.0571586
0.0147904
0.0226523
0.0234718
0.0472211
0.0791956
-0.0497577
0.0530775
0.0396382
0.0673561
-0.0373149
0.04972
0.049787
0.0676315
-0.0306514
0.0178723
0.0407505
0.0180567
0.00736889
0.0378357
0.0592501
-3.56E-02
-0.0139063
0.00813052
0.0442175
0.0720819
0.0894021
0.0752442
0.0851477
0.0913004
0.0668316
0.0674943
0.0660381
0.0622201
0.0698483
-0.0396435
0.0668159
0.0744278
0.0319461
0.0215774
-0.0370865
0.0527753
0.0460401
0.0818027
0.0429556
0.00889749
0.0541524
0.0191058
0.0640493
0.0369779
0.019309
0.0183051
0.0810259
0.0235572
0.0850649
0.052003
0.0332916
0.0409857
-0.0143588
0.0180746
0.0767898
0.0729284
0.043715
0.0665502
-0.0281394
0.0509756
0.0167296
-0.024251
0.0358593
0.0229889
0.0780893
-0.0294934
0.0564389
0.0511561
0.0381566
0.0254566
0.0780826
0.0331553
-0.035639
-0.00118379
-0.0189482
0.0730302
0.043437
0.0695345
0.0413277
0.0384995
0.0188874
0.0578647
-0.0199959
0.0414186
0.0352449
-0.00405921
0.0630918
-0.0557693
-0.0410837
-0.00902791
0.00740823
0.0719861
0.0248694
0.0281816
0.076492
0.037944
-0.0302679
0.0581912
0.026257
-0.0639087
0.0834384
0.062122
0.0668864
0.0526389
-0.0324131
0.0451906
0.0399523
-0.0401402
0.0612492
0.0233365
0.0314181
0.0223331
0.0206181
0.0416539
0.0257535
0.051313
-0.0205578
0.0456496
-0.00409656
0.0752835
0.00869085
0.0338466
0.00618186
0.0487611
0.0396179
0.0752189
0.0227621
0.0551498
0.0870712
-0.0247824
0.0688039
0.0504992
0.00626742
0.00307929
0.0381619
-0.00377319
0.0106775
-0.00758302
0.0901853
0.0640326
0.0763848
0.0465354
0.000179966
0.0478744
0.0723179
-0.00639395
0.0695288
0.102078
0.0423513
0.0320722
0.0463314
0.00354984
0.0468787
0.0725408
-0.00041432
0.0727689
0.0767098
0.0597909
0.0170337
0.0385363
0.0702332
0.0815583
0.0665466
0.0450203
-0.00209136
0.0982349
0.0821673
0.0550436
0.0878635
-0.0105726
0.0210212
0.106042
0.01775
0.0742342
-0.0141334
0.058748
0.0245122
-0.02761
0.0233225
0.0574296
0.0331008
0.0530397
0.0265195
-0.00922098
0.0786254
0.0355087
0.0741536
0.0304982
0.0511267
0.0152083
0.0176065
0.010847
0.0296938
0.0607119
0.0438313
-0.0049624
0.0419936
0.0428044
0.0587334
0.00707276
0.067605
0.0364199
0.0575747
0.0174549
0.00931488
0.0832967
0.0787978
0.0064468
-0.036299
0.0454604
0.026895
-0.00376506
0.0777882
0.0504487
0.0480594
0.0492474
0.0594292
0.0437459
0.0323749
0.0129466
0.0260794
0.0511032
0.0750339
0.0454602
0.00248944
-0.0250858
0.0610327
0.0541438
0.0690552
-0.0258359
0.0755197
-0.0115148
0.0583569
0.0408719
0.0189948
0.00724121
0.0791146
0.0481165
0.0459101
0.0772394
0.043319
0.0790199
0.0438709
0.0147074
0.00567136
-0.0162673
0.00733102
-0.000219243
-0.0240501
0.0755613
0.0526081
7.24E-02
-0.0042897
0.0516329
0.0175482
0.0757922
0.0773675
0.0423964
0.0187037
0.0830005
0.0533429
0.0572762
0.0177493
0.0676152
0.062235
0.0121272
0.0700387
0.0369665
0.0402083
0.0516976
0.0393979
0.0970644
0.0600771
-0.0369286
0.0471697
-0.0428951
-0.00922453
0.0963601
0.0647663
0.0612442
0.0280847
-0.0982023
0.0763588
-0.00739093
0.0583356
0.0514962
0.0416149
0.0975953
0.0874515
0.0865801
0.010503
0.0921762
0.0358804
0.00738072
0.0269231
0.0725241
0.0466864
0.0667692
0.0582127
0.0852253
0.0396327
0.0350405
0.050955
-0.00564046
0.0743848
-0.0418729
0.0636536
0.0191065
0.0205974
0.0589017
0.0393906
0.080618
0.0635361
0.0513398
-0.00425801
3.71E-02
0.0162932
0.0282907
-0.0166664
0.018389
0.0809191
0.0601915
0.0186838
0.027614
0.0494675
0.0504695
0.0764712
-0.0562512
-0.0613458
-0.00390258
0.0663535
0.0511876
0.00966031
-0.0263392
-0.00390513
0.0376615
-0.0130935
0.0334826
-0.0263065
-0.0332921
-0.0320899
0.0935383
0.0472152
0.019629
-0.0304258
-0.0376249
0.0551325
0.00614911
0.0493814
0.0469268
0.0509433
-0.00566757
0.00374061
0.0589758
0.0392466
0.0585716
-0.00924893
0.0393109
0.0200293
0.0342117
-0.00150321
0.00191624
0.0580023
0.0267368
0.070607
0.0730162
0.0654946
0.0641313
0.0371589
0.0238608
0.0821985
0.10306
0.0742308
0.103003
0.061521
0.0221816
0.0791715
0.0456931
0.0903443
0.0294374
0.032419
0.0766326
0.0759517
0.0067321
0.0600285
-0.019741
-0.0362669
0.0700026
0.000810185
-0.0121562
-0.0129584
-0.0511241
-0.0387261
0.00291764
-0.00467122
-0.0643372
0.0440836
0.0167038
0.0589287
0.0615248
0.00958657
0.0848677
0.000392383
0.0413271
0.0982608
0.0589961
0.0576278
0.0383832
0.0160583
0.0192863
0.0351215
0.0114441
0.0327401
0.0035621
0.0454779
-0.038949
0.046896
0.0499943
0.00247837
0.0533582
0.0621441
0.0616779
0.0976868
0.0858158
0.0302795
0.0332673
0.0134346
0.0515851
0.0349362
0.0377417
0.00940988
0.0200073
0.00554094
0.0391726
0.0121835
0.0407305
-0.0365403
-0.0122567
0.0571897
-0.0446353
-0.0445077
0.0432074
0.0887085
-0.0035045
0.0521006
-0.0658549
0.0422438
-0.0492956
0.0333705
-0.0109295
0.0538059
0.0721153
0.0251019
0.0606088
-0.0109429
0.0040321
-0.00947593
0.0305738
0.0300952
-0.0136295
0.0923721
0.0539852
0.0416285
0.089361
0.00591697
-0.0254978
0.0823552
0.0622322
0.0884518
0.00208876
0.0613248
-0.0169635
0.0847993
0.0342381
0.0406189
0.0259235
-0.000381783
0.0615356
0.0368194
0.0763232
0.0202852
0.0368669
0.0802563
0.0487128
0.0477662
-0.0301226
-0.0223366
0.0166313
-0.0506026
0.0358324
-0.00410754
0.0307143
-0.0102158
0.0498131
0.0823564
0.0466193
0.0472243
0.103572
-0.0214389
-0.00134494
0.0819647
0.0965916
0.0626376
0.035511
0.00794434
0.0969474
-0.0161162
0.0194312
0.0826451
0.0523243
0.0605702
0.0648531
-0.0196671
0.0179893
-0.00579317
0.00141937
0.0427388
0.0552796
0.0218254
0.0662654
0.0637882
0.0311746
-0.0171382
0.0032118
0.0414254
0.0252495
0.049575
0.0724746
0.0102468
0.0411454
-0.0167773
0.0783621
0.00623894
-0.026362
0.00363365
0.0556582
0.0355512
0.0590731
0.0643718
0.0726505
0.0644873
0.0525869
0.07664
0.00747057
0.0437196
0.00749451
0.051613
-0.0482952
0.0547387
0.0200376
0.029398
0.0870258
0.0370879
0.0166108
0.051559
0.0579288
-0.00151656
0.0707685
0.0818132
0.0364984
0.0819834
0.0786686
0.0315392
0.0283719
0.0457877
0.0688527
0.046133
0.072875
0.0159189
0.0580646
0.0346733
0.042138
0.0166884
0.0828038
0.0517459
0.0625975
0.0401291
0.0709981
-0.00398354
0.0583969
0.0843456
0.0219827
0.0630102
0.00656515
0.0541512
-0.0291018
0.00880612
0.0141968
0.0589498
0.0683372
0.0531973
0.0544603
0.0226255
0.0194132
0.0205894
0.085097
0.0256165
0.0550787
0.0559875
-0.00819372
0.0477765
0.0249157
0.0452786
0.0355959
0.0180074
0.0129961
0.0497348
0.0607573
0.0318017
0.0496955
0.0620164
0.0913259
0.0794815
0.0415132
-0.0158786
0.0411409
-0.0601706
0.0315428
0.0542703
0.0640647
0.0390712
-0.0340587
0.00769185
-0.00985098
-0.00996409
0.0135051
0.0334706
0.0561458
0.0463351
0.0489002
0.0752529
0.0824774
0.0966582
-0.0329407
0.0653605
0.0993639
0.0843157
0.0715192
0.0372533
0.0515112
0.0684756
0.040481
0.0607822
0.0475979
0.0165913
0.0219858
0.0132191
0.0729322
0.0197033
0.0539519
0.0523386
0.0236878
0.0291855
0.0675223
0.0715825
0.0240512
-0.0275235
0.0456998
0.0658386
-0.00580396
0.0689399
-0.000761121
0.0144872
0.0615523
-0.0230965
0.0436657
0.0661842
0.00122304
0.0588414
0.056805
-0.0841697
0.0158985
0.024532
0.00735436
0.00578478
-0.0524926
0.0484328
-0.016736
-0.0478267
0.0379204
0.0753693
0.0642926
0.0148119
0.0860283
-0.0118579
-0.00176786
-0.0432775
0.021647
0.00159667
0.0606212
0.0790276
-0.0087661
0.0680954
0.0646721
0.048603
0.061147
0.0491426
0.0721986
0.0663493
-0.0107322
-0.0147842
-0.0302905
0.0352143
0.0144337
-0.00562283
-0.0106297
0.0228025
0.0380243
-0.00998165
-0.005443
0.0496309
0.025698
-0.00144612
-0.0172082
0.0391007
0.0323671
0.0603493
0.0722346
0.0386683
0.0103018
0.000294641
0.0485873
-0.0619306
0.0418442
0.0459451
0.00265868
0.0353991
0.0362459
0.00296568
0.0499602
0.0870921
0.0144154
-0.00630615
0.0669167
0.0103835
0.0275654
0.0399951
0.0264912
0.0704143
0.045977
0.0310952
0.021164
0.0266336
0.019528
0.0555297
0.0168566
0.0722676
0.0589221
0.0619502
0.0466501
0.0629766
0.056677
0.0409044
0.0995704
0.0573284
-0.0332763
0.0768741
0.0331802
0.0307094
0.0354638
0.0194948
0.0763248
0.0485057
0.0800348
0.0878872
0.0232133
0.0620828
-0.0157173
0.057336
0.0561118
-0.00692744
-0.00435829
-0.0417792
0.0271607
0.0805215
0.0364472
0.0388104
0.0299181
0.0385676
0.0468409
0.0977303
0.0396929
0.0901717
-0.00711194
0.0160559
0.012475
-0.00542467
0.0206933
0.0564984
0.00177696
0.0185679
0.00821978
-0.085412
0.0680655
0.0781313
0.0202336
-0.00303485
-0.0196017
-0.00807919
0.0118352
-0.0011918
0.0315248
0.0496295
0.0449074
0.0521403
0.0521796
0.0667379
0.0969966
0.0415587
-0.0108855
0.0870594
0.0253073
0.0827761
-0.0558949
0.0212579
0.0404193
0.0282609
0.0294831
0.0566799
0.074769
0.0111608
0.0777247
0.0720741
0.0649174
0.0503164
0.0435023
0.0283008
-0.0641612
0.0609045
-0.00692354
0.077399
0.0895649
-0.000353716
0.050859
-0.00639859
0.0076623
-0.0342508
-0.0204182
-0.0244526
0.0177616
0.0301907
0.0580909
0.0339228
0.0310168
0.0954666
0.0362139
0.0603892
-0.0229078
0.0496608
0.00277996
0.0125003
0.0493286
0.0700859
0.0506746
0.0105088
0.0238068
0.0566576
0.0468623
-0.0493695
0.0713053
-0.0202666
0.00775385
0.0154485
0.0586674
0.0648884
0.0745301
0.0508609
0.0386477
0.0493861
0.0526201
0.0324837
0.0231719
-0.0131537
0.045316
0.00652702
0.0228656
0.0601856
0.0733543
-0.0324219
0.0261738
-0.00809973
0.0766303
0.0528988
0.0901321
0.064855
0.0855297
0.0628586
0.0657405
0.0810566
-0.0253072
0.0703726
0.0300607
0.0345421
0.0473062
-0.0560116
0.0483424
-0.0408459
0.0859857
0.0585917
-0.0251034
0.0340964
0.0109152
0.00429971
0.0956249
0.0796245
0.0229551
0.0586852
0.00576783
0.0126213
0.0338472
0.033911
0.00494608
-0.0107265
-0.0207064
0.027907
0.0206657
-0.0257893
0.051015
0.0159342
0.0227359
-0.0216195
-0.0669355
0.0159759
0.0698199
0.0266482
0.00186548
0.013218
0.00416802
0.0118827
0.0572106
0.0535473
-0.0306721
0.0246832
-0.0292275
-0.0785493
0.028892
-0.0121723
0.0052749
0.073613
0.0270441
-0.0331462
0.0699751
0.0369532
0.0403622
0.00800888
-0.104162
0.037151
0.00146045
-0.00789914
0.00800539
-0.0727825
0.0314236
0.0330046
0.0151361
-0.0239782
0.0340425
0.0147324
0.0959764
0.0391255
0.0304526
0.0693395
0.0106144
0.0154
0.0857161
0.0552881
0.0130506
0.0346346
-0.0400458
0.0249067
0.0351898
0.0695341
0.0878586
0.053694
0.0476455
0.024212
0.0144593
0.012087
0.0337065
-0.00276261
0.0659125
0.0646174
-0.0454357
0.0532722
0.0190779
0.0353523
-0.0428266
-0.0173841
-0.077702
-0.0017202
-0.0203327
0.0755744
-0.0260566
0.0152738
0.0171981
0.0262603
-0.000792938
0.0240445
0.0405378
0.0576046
0.0587151
0.0288642
0.0674433
-0.039606
0.0925531
0.00435902
0.0147993
0.0600269
0.0237032
-0.0735082
-0.0539199
0.0303559
0.0353348
0.051058
-0.0275764
0.0362162
0.00887667
-0.0408155
0.0544019
-0.0504219
-0.0320785
-0.0347465
-0.00884562
0.0623325
-0.0531567
0.105399
0.0979355
-0.000486555
0.0268066
0.0669532
0.0153638
0.071017
0.01836
0.0564183
-0.0381853
0.059552
0.0311576
0.0561307
0.0465134
0.0742723
0.0732772
0.0565209
0.0508063
0.0503449
-0.042041
0.017
0.0540258
0.0473145
0.0104447
0.0293629
0.0474799
0.0569101
0.0301383
-0.0151865
0.0616533
0.0610081
0.0311605
0.00950035
0.0426621
0.0692525
0.0461906
-0.0163876
-0.0266397
-0.0321108
0.0063566
0.00746293
0.0333345
0.0380299
0.0795736
0.0334265
0.0713939
0.0319025
0.00504476
0.096438
0.0529686
0.0516496
0.0398441
0.0480805
0.0106156
-0.0239841
0.0817209
-0.063283
0.0126231
0.0355896
0.0208576
-0.0458802
0.0481644
0.0664844
0.0116579
0.0301076
0.0630627
0.0184255
-0.04672
0.0503081
0.00948128
-0.00552233
0.0173136
0.0848775
-0.0104884
0.061995
0.0891915
-0.0294384
0.0633504
0.0276576
0.0336201
-0.0596143
0.0015689
0.0723033
0.0725133
-0.0195816
0.00588104
0.050806
-0.00172155
0.0465456
0.00431954
0.0488616
0.00477345
-0.081484
0.0493621
0.0643632
0.0289011
-0.00280893
0.0754252
0.0568433
0.1025
0.0658543
0.0378263
-0.00337357
-0.0132508
0.0421351
-0.0165106
0.00514635
0.0896016
0.0200129
0.00510863
0.0165812
-0.0243779
-0.0718002
0.0490126
0.00591539
0.026242
0.0329182
0.0268418
0.049492
0.0351774
-0.015348
0.00897399
0.0502273
0.0656132
0.00779551
0.0477057
0.0325193
0.0718051
0.0327866
0.0626925
0.0317787
0.0690328
0.00533529
0.0621806
0.0556151
0.0499478
0.0461929
0.047891
0.0493157
0.00902961
0.0868661
-0.0499285
0.0762137
0.0271036
0.0884104
0.0513645
0.0612666
0.0912387
0.0345068
0.018331
0.0389084
0.0287357
0.00820104
0.00119701
0.0267592
0.0422308
0.0774794
0.0489514
0.0266688
0.0378456
0.077339
0.0513254
0.0649738
0.0369544
0.0507482
-0.0216833
0.00156034
0.0861684
0.0829616
0.0638223
0.0761896
0.0645018
0.0574941
0.0839043
0.0600066
0.0663012
0.0834611
0.0489525
0.032132
0.0775568
0.0431587
-0.0307408
0.0644811
0.0130284
-0.00590101
-0.00972771
0.0307171
0.0487758
0.0120116
0.0679705
0.0549391
0.0495563
-0.00225087
0.0120103
-0.00377773
0.0160439
0.0397434
-0.0299914
-0.0353022
0.0254038
0.0812661
-0.0117603
0.0391365
0.00355828
-0.0349714
0.0737062
0.000620084
-0.000991608
0.0231042
0.00865116
0.047494
0.0727537
0.0277908
-0.0235679
0.0572431
0.047066
0.0482092
0.0757885
0.0780167
0.0783528
0.0647846
0.0653597
0.050532
0.0181122
-0.0175099
0.0296004
-0.00882135
0.0312139
0.0813603
0.0296196
0.0620969
0.0182061
0.0451112
0.0440746
0.0252087
0.0127783
0.0800056
0.0530535
0.0546074
-0.0374429
0.0655307
-0.00484611
-0.037633
-0.0479852
-0.0316458
0.000872785
0.0804712
0.00163471
0.0731187
0.0265555
0.0103601
0.0238147
0.0469803
0.0713147
0.0110477
0.0449236
0.0193708
-0.0228405
0.0587533
0.0228427
0.00958599
0.0165987
0.0156554
0.0191453
0.0204775
-0.0482306
0.024555
0.0735486
-0.0608537
0.0180201
-0.0283328
-0.0591373
0.0219575
-0.0115252
-0.0865968
0.0592684
0.0488468
0.0187653
0.0459099
0.0741373
0.0304662
0.0176318
0.0384574
0.0180199
0.0199624
-0.0199216
0.0296365
0.0306365
0.0687446
0.0506661
0.0425958
0.0941989
0.0276271
-0.00781836
0.0206799
0.0803957
0.0546663
0.0810615
0.0935377
0.0912466
0.0543367
0.0415135
-0.0299298
-0.0159674
0.00940021
0.0225196
-0.00248885
0.00547132
0.0292435
-0.0462605
0.0351907
0.0573795
-0.0311538
0.0880045
0.021967
0.0423257
0.0177
0.0393832
0.020233
-0.0299738
0.0375524
0.0382624
-0.0244264
0.016654
-0.0327183
0.0996494
0.0630611
-0.00354724
-0.0151924
0.00402281
0.0652445
-0.0115643
0.0676578
0.0353294
0.0433997
0.0494578
0.0435108
0.0587292
-0.0388919
-0.0166857
0.067177
0.0263929
0.0473556
0.0538471
0.0698184
0.0661537
-0.0458635
0.0905098
0.0229835
-0.0528373
0.0333004
0.0181392
0.0153769
0.0473046
0.0481483
0.0543921
0.0327589
0.0292579
0.0225593
-0.0110975
0.0420253
0.0631985
0.0532835
0.0528206
0.0594857
0.053957
0.068881
0.0264148
0.0631191
-0.0153543
0.0593969
0.0401276
0.0559755
-0.0259585
0.0375852
0.0638703
0.034613
0.0768206
0.0842261
-0.0144062
0.0490373
0.0451795
0.0464139
0.0285192
0.0165247
0.0435709
0.0809273
0.0383635
0.00463871
0.0385576
0.0496877
0.0466949
0.0758279
0.0212677
0.0868821
0.0202909
0.0389934
0.0173103
-0.00473101
0.103228
0.0421372
0.000645333
-0.0507049
0.0553835
0.0440602
0.0308875
0.0786487
0.0532437
0.0520974
0.0816139
0.0340497
-0.0462182
0.00872453
0.00558549
-0.0653518
0.040596
0.0386446
0.0553361
0.0429311
0.0413823
0.0212636
0.0839143
-0.0103146
0.00646842
0.0596019
-0.0024246
-0.0130595
-0.0541531
0.0276977
-0.0491727
0.0136137
-0.0210177
0.00794763
-0.0642062
0.031363
-0.00160197
-0.0816044
-0.00166825
-0.0141115
0.059181
-0.0559623
0.0434636
-0.00533772
-0.0365722
-0.0269128
0.0662316
-0.0150542
0.0126603
0.0397102
0.0735005
0.059468
0.0734397
0.0657437
0.0392318
0.00369844
0.0801217
0.0738622
0.0615951
0.0650681
0.0456226
0.085766
0.0563936
0.0641961
0.0767252
0.0104313
0.0563424
0.0381318
-0.0249304
0.0162562
0.0376357
0.0845819
0.00783519
-0.0187205
0.0113626
0.0093537
0.016187
0.0563207
0.0396749
0.0347222
-0.00293288
0.0490478
0.073943
-0.0184286
0.0355538
0.0324066
0.0279624
0.022952
0.0742873
0.0760047
0.00884274
0.0535352
0.0614011
0.0351537
0.0802099
-0.0190249
0.0106722
-0.0303116
0.0162414
-0.0255599
0.0310959
0.00319095
0.0878257
0.0358777
-0.0116683
0.0196009
0.0364738
-0.0266034
0.0603089
0.0779466
0.0563834
0.0356207
0.0466268
0.0135178
0.0827053
0.0276919
-0.00389542
0.078288
0.0167027
0.0763747
-0.025745
0.0634701
-0.00259253
0.0115161
0.0664706
0.0835684
0.0628493
0.00716468
0.051177
0.00670534
0.0192432
0.0264203
0.0482904
-0.0229569
-0.0307246
0.00809394
0.0373698
0.0148493
0.00297075
0.0489001
0.0442774
-0.00626026
0.0415488
0.0961283
0.0547305
0.00780302
-0.0453551
0.037905
0.0585958
0.0350826
-0.0352996
0.0216776
0.0282511
0.0647469
0.0487578
0.0565531
0.064977
-0.0372594
0.0104566
0.0969303
0.056352
0.0958029
0.0238747
0.0341422
0.0180227
0.0538911
0.0570921
0.0506058
-0.00603223
0.0273842
0.0534527
-0.0117401
-0.0378333
0.0636462
0.0541222
-0.0116375
0.0646866
0.0497839
0.0543756
0.00866229
0.0383488
0.0257223
0.0034462
0.0412702
0.0486838
0.00411008
0.0149495
0.0629487
0.076962
0.0541274
0.0262726
0.0470137
0.0450482
-0.0209638
0.0307271
0.0702108
0.0545171
0.0213019
0.0317533
0.065472
0.0604484
0.0749606
0.0346832
0.0563299
0.0153207
-0.0150995
0.0434471
0.058024
0.0613974
0.0373883
-0.0431636
-0.0722033
0.0423375
0.0187523
0.0304124
0.0682666
0.00486355
0.0332324
0.0207198
0.0805838
0.0718815
0.00584651
0.0551723
0.0214159
0.0196707
0.0541575
0.0906294
-0.0825605
0.0307097
0.0629284
0.0548105
0.0546432
0.0459335
0.0740944
-0.00756506
0.00439494
-0.0146323
-0.064211
0.0209518
0.0396096
-0.069297
-0.0196071
0.0469494
-0.0208852
0.0297653
0.0220675
-0.03836
0.0410659
0.0609074
-0.115697
-0.0580385
0.0232587
-0.00953387
0.0280884
0.0552729
-0.00482138
0.0189894
0.0852651
0.0318417
-0.0531381
0.0960651
0.0267204
-0.00472465
-0.00822847
0.0516338
0.0601237
-0.0240868
-0.0119332
0.0339157
0.053904
0.0892479
0.00645878
0.0144031
0.00841164
0.0245782
-0.00234125
0.0335633
0.0262731
0.0109631
0.00955333
0.0515548
0.0697412
0.0740741
0.0669956
-0.0441761
0.0509621
-0.00226515
0.0507377
-0.00394059
0.0533315
0.00103409
0.0606137
0.050738
0.0603681
0.0242674
0.0510602
0.0637328
0.0450952
-0.0228073
0.00972289
-0.0258336
-0.000487673
0.0612198
0.0344068
-0.0209862
0.0117785
0.0614383
0.0254592
0.0499717
0.0146788
0.0117057
-0.00702974
-0.0177032
0.0305168
0.0306563
-0.0307683
0.0932917
0.0235886
-0.0047347
0.0147433
0.065976
0.0235478
0.0506186
0.000153334
0.0156291
0.0916585
0.0410836
0.00814879
0.0322108
0.0568957
0.103991
0.0233688
0.0604571
-0.0153004
-0.0185107
0.0573467
0.0435159
0.0405342
0.0905186
0.0317969
0.0738829
0.0679329
-0.0119126
0.0433698
0.0456388
0.0429979
0.0409519
0.0779505
0.0629415
-0.0183579
0.0399829
0.0607683
0.0320586
0.07353
0.0261392
-0.00309361
0.0332614
0.0797927
0.0432169
0.038429
0.0594635
0.0804723
0.057832
0.0634288
0.0284797
0.0216146
-0.000520707
0.0314919
-0.0179175
-0.0463954
0.0714201
0.0433583
-0.0459056
0.0453564
0.0353982
0.0219591
0.0296025
0.0622608
-0.00253773
0.0858509
0.0452373
0.0337111
-0.0781618
0.0416812
0.0745137
0.0556272
0.0860635
0.0699189
0.0569711
0.0594044
-0.0399724
0.0732174
0.0649521
0.0756751
0.0464951
0.0279433
-0.00503079
0.0371308
0.0221709
0.0115174
-0.022307
-0.0494969
0.0167015
0.04161
0.0605755
0.029356
0.0404261
0.0601443
-0.0682048
0.0929325
0.00969673
-0.0518314
0.0562682
0.0206907
-0.0422804
-0.0233707
-0.00571164
0.0211528
0.0891406
0.062737
-0.0418955
0.0551357
0.0131127
0.0152361
0.0453219
0.0962016
0.0159006
0.0828875
0.00424575
0.0729134
0.0820866
0.0760145
0.0164893
0.011714
0.0672658
0.0841744
0.0607343
0.0343031
0.0417156
0.0319385
0.0304352
0.0200246
0.0652884
0.0772926
0.0159274
0.0630284
0.0641905
0.0192725
0.0286333
0.0255522
0.0572633
0.0565669
0.0381216
0.0673042
0.0508449
0.0540578
0.0688446
0.0501153
0.0765699
0.0198496
0.0428157
0.047951
-0.0135629
0.0213556
-0.0253808
0.0910433
-0.0123709
0.0780612
0.0872641
0.0125701
0.0559414
0.017128
0.0611898
0.0095076
0.0432639
0.0465004
-0.0118505
0.0132588
0.0600267
0.048888
0.0107015
0.0236867
-0.0406684
0.0458837
0.0475862
0.0655052
0.0387848
0.0741529
0.00629283
0.00517886
0.0540751
0.0251433
0.0176324
0.0679723
0.0232653
0.0683774
0.0389575
0.0480795
0.0741588
0.0488084
0.0694465
0.0386054
0.0258959
0.017555
0.0728979
0.0265376
0.0866382
0.0670549
0.0470743
-0.00695992
0.0238402
0.0148982
0.00599494
0.032478
0.0281349
-0.02267
0.0447559
-0.00918212
-0.0969178
0.0503596
0.023145
0.0522141
0.0362287
0.0348295
-0.0299238
0.0627365
0.0762224
0.0171403
0.0747672
0.0381433
-0.0106242
-0.0337669
0.0729674
0.0135155
0.0589551
0.0108431
0.0745267
0.0495316
0.0788884
0.0791712
0.0967298
0.0827186
0.0699903
0.0650026
0.0489293
-0.0120707
0.043027
-0.000453916
0.0385809
-0.0355513
0.00209756
0.0384325
-0.0253199
0.0592971
0.0212693
-0.00664587
-0.00213452
-0.00225015
-0.0165873
0.0682814
0.0163788
0.0718964
-0.0158396
-0.0138051
0.0124081
0.0593604
0.0541777
0.0617011
0.0647271
-0.013452
0.000972032
-0.0444701
-0.0342056
0.000150661
0.0956099
0.0957729
0.0291498
0.0138392
0.0719946
0.0377196
-0.0113676
0.0138679
-0.0146379
-0.0706305
0.0147625
-0.00756437
0.0131464
0.0738625
0.0994675
-0.0151708
0.0999061
0.0311066
0.0692402
0.0576746
-0.0271078
0.058023
0.0746948
0.0215955
0.0545857
-0.0165283
0.0909146
0.0821583
0.0809927
0.0977543
0.0711167
0.071593
0.0251938
0.0771741
0.066432
0.0284153
0.0426892
0.04391
0.0289319
0.0427006
0.0710193
0.010085
0.0839574
0.0324354
0.0598707
0.0584808
0.0665985
0.0446595
-0.0227618
-0.00139618
0.0588935
0.0335806
0.0688838
0.0604599
0.0907459
0.0743257
-0.0187417
0.102275
0.0200469
0.00473592
-0.011436
0.0208964
-0.0307936
0.0239465
0.0366433
0.0428265
0.0370073
0.0383564
0.0342106
0.0244758
0.00133167
0.0610221
0.0492292
0.0195202
-0.0429498
0.0977142
0.00732272
0.0342006
0.0715746
0.0600884
0.0732959
-0.033682
0.00843814
-0.00448756
-0.0478248
-0.0339149
0.0467207
0.0784907
0.0738712
0.0406319
-0.052557
-0.00350616
0.0735321
0.0129697
-0.0152282
0.0855956
0.0148713
-0.00118769
-0.0453622
0.0375386
0.0441122
0.065691
0.000712952
0.000457114
-0.0419573
0.0512225
0.0449747
0.0658192
0.00260272
0.00351762
-0.022275
0.0267744
0.0531372
-0.0198807
0.00465843
-0.0577059
0.0560025
0.0581791
0.0215793
0.0586956
0.0676351
0.0527799
-0.00294895
0.048519
-0.00945993
0.05576
-0.00648464
0.0586035
0.0766562
0.0706134
0.0166035
0.0329312
-0.0150213
0.034892
-0.00630505
0.0204286
-0.0592804
0.0767247
0.0126579
-0.0199503
0.0707134
-0.0453337
0.0637572
-0.000767683
0.0525473
0.0378073
0.0551547
0.0812377
0.084331
0.0704984
-0.00465138
0.0746106
0.0320465
-0.0248242
-0.0584218
0.0577576
0.0144516
0.0217571
-0.0521423
0.07254
-0.0298288
0.032168
-0.0444428
-0.0389207
0.0743417
0.0432871
0.0752132
-0.00521321
0.0709972
0.0458073
0.0335548
-0.00888342
0.0512799
0.0189184
0.00621692
0.0480044
0.0224502
0.0306918
0.0215676
0.00540913
-0.0140317
0.00599428
-0.036416
0.0783696
-0.0551668
0.0510705
0.0818102
-0.0382532
-0.0438394
-0.00498602
0.00682058
-0.00477211
-0.029093
0.0463038
0.0272622
0.0435604
0.0155877
-0.00148695
0.0614822
0.00945859
0.0729169
0.0483354
0.0738686
0.0188645
0.0863975
0.0113754
0.0744006
0.00167619
0.0409848
0.0663316
0.0853715
0.0199447
-0.0136647
0.0127039
0.043014
0.0509618
0.0301369
0.0537652
0.0628633
0.00400271
0.0297133
-0.00911904
-0.102584
0.0608652
0.0240918
0.0171603
0.0256582
0.0729651
0.0217556
0.0461335
-0.000984686
0.032448
-0.0218702
0.0604966
-0.00944263
0.0590607
0.048751
-0.00412038
0.0646976
-0.013897
0.0699118
0.0619999
0.0294952
0.0293477
0.0717208
0.0488644
0.0894509
0.0819295
0.0854905
0.0842415
-0.0196316
0.0823229
0.0813831
-0.000834469
0.0365502
0.020302
0.0612537
0.0259721
0.0176166
-0.00608383
0.032329
0.0331599
0.0247351
0.0545423
0.0408015
0.0619389
0.0113717
-0.0331405
0.0324044
-0.0333991
0.0110576
0.0273848
0.0632527
0.0281274
0.00210224
0.00135357
0.0595501
0.06582
0.0528667
0.0597407
-0.00536164
0.0240077
-0.00910063
0.0869147
0.0478262
0.0143075
-0.0396869
0.0364715
0.0770618
0.0553842
-0.0611986
0.043159
0.0310502
0.0541144
0.0146174
0.00991818
-0.0102515
0.0677504
0.0726974
0.0176649
0.0474683
-0.032528
0.0186101
0.0245683
0.0271078
0.0436559
0.0218549
-0.00799479
0.0111713
0.00716598
0.00816906
-0.00846419
0.0492792
-0.0191336
-0.0321792
0.0578108
0.00406766
-0.0435687
-0.00196715
0.0269703
0.0240013
0.0757993
-0.00881749
0.00619419
0.0126434
0.0246229
-0.0182873
0.0564449
0.0559632
0.0202078
0.0162583
0.00491532
0.0450059
0.081709
0.0582652
0.0762988
0.0702644
0.0879186
0.0471136
0.0623707
0.0324941
0.05184
0.0157428
0.0476379
0.0092436
0.0241042
-0.00198378
-0.0111748
0.0634311
0.0232541
0.0577048
-0.0594351
0.0478998
0.0535443
0.0857188
0.0519873
0.0516961
0.0120508
0.0981125
0.0565416
0.0743375
-0.0340521
0.0859127
0.0522524
0.0376324
0.0489525
0.0692411
0.0452958
0.0625069
0.0433034
0.0435463
0.0367704
0.0242074
0.063275
0.0611198
0.0152411
0.0660329
0.00652419
0.0209989
0.0530659
-0.0205745
0.0177339
0.0574188
0.0783478
0.0482737
0.078503
0.0568987
0.0136119
0.0612129
0.0441714
0.012925
-0.0293486
0.0510042
0.03645
0.0673097
0.0421703
0.0788353
0.0960764
0.0713059
0.0171988
0.0674995
-0.0342807
0.0897609
0.0787764
0.0311298
0.0906236
0.0753031
0.0019752
-0.0340268
0.0648231
0.0553172
0.0322862
-0.00120897
0.0681983
0.0444072
0.00645219
0.0724189
0.0514671
0.0287389
0.0423716
0.0590666
0.033806
0.0622251
0.0411954
0.0784726
0.0556
0.0431761
0.0617245
0.0626506
0.0523914
0.0692301
0.01183
0.0832789
0.023859
0.00766186
0.0565198
0.0111959
0.00747658
0.0343896
0.0636513
0.0373443
0.0324557
0.0514924
0.0625225
-0.00733905
0.0695307
0.0192438
0.0618563
-0.0421158
0.0677864
0.0148523
0.0298711
0.0827744
0.0112751
0.0675365
-0.00872363
0.0776727
0.077348
0.0455113
0.0481314
0.0309736
0.077053
0.0711413
-0.0417685
-0.0178417
0.025655
0.0491613
0.00165581
0.0619904
0.00913864
0.0120765
0.0175816
0.0158584
0.0542951
0.00825864
0.0520608
0.0932185
-0.00609421
0.0567447
0.0749907
-0.00435006
0.0377497
-0.00484306
0.00268456
-0.061455
0.0510057
0.0380206
-0.0287263
-0.00248255
-0.0343718
0.0698186
0.00477216
0.00160983
-0.0495979
0.0748865
0.0374837
0.0614836
0.0395909
-0.0252378
0.0689003
0.0499482
0.019198
0.00958073
0.00754751
0.0548822
0.0905748
0.0634839
-0.0299036
0.0562161
0.00104677
-0.00928916
-0.00427611
-0.0212936
0.0489065
-0.0176892
0.0841844
0.0487236
0.0401302
0.0107419
0.0593106
0.0696115
0.0720345
-0.0284753
-0.00836482
0.0873947
0.0885021
0.0383981
0.0666627
0.0226493
-0.0468092
0.0903756
0.00291939
-0.0288383
0.0442834
0.0743186
-0.102293
0.0511567
0.0298015
0.0383777
0.07029
0.036788
0.042189
0.0246337
0.0423864
0.00625413
0.0500678
0.0135911
0.0425334
0.0269567
-0.00330129
0.0270684
0.0466827
0.0803314
0.0235687
0.000226839
0.0325484
0.065158
0.0585098
0.0820504
-0.000831261
0.0675124
0.00826102
0.0796237
-0.00244058
-0.0199991
0.051004
-0.0714654
0.0843336
0.0805978
0.0314996
0.0691718
0.046228
0.0450601
0.0784645
-0.0107228
0.0342421
0.034899
0.0676853
0.0224652
0.0252835
-0.0172378
-0.0263953
0.0127212
0.012384
0.053915
-0.0191032
0.0794015
0.0177272
-0.0135768
0.0321781
0.0845023
0.0239048
0.0466648
0.0110534
0.0381111
0.0184372
0.0533605
0.0873735
0.0340806
0.0323231
0.0235331
0.088366
-0.0127262
0.0534165
0.0891221
0.0335526
-0.0218231
0.0483346
0.0115608
0.0478568
0.0598173
0.0263337
0.0646119
0.063531
0.043351
-0.0392828
0.0425223
0.0656054
0.00272844
0.00240351
0.0303276
0.0179285
0.0124293
0.0345193
-0.0189396
0.0391417
0.0224237
0.00479246
0.0750253
0.0478608
-0.037676
0.0100942
0.0812691
0.0849394
0.0720702
0.0441387
0.0224112
0.0844617
0.0301869
0.0490869
0.0490216
-0.0049751
0.0101774
0.0480497
0.0105093
0.0595111
-0.00746124
0.0397322
-0.0240839
0.027541
0.0323204
0.0552538
-0.0133874
-0.00514935
0.0106815
0.0345277
0.101133
-0.0260696
-0.00487277
0.00571513
0.0843499
-0.0720508
0.0555949
-0.0373516
-0.0346009
0.0274568
-0.0432771
4.42E-05
0.000892203
0.0137341
0.0432776
-0.00908387
0.0116329
0.0595061
0.0885259
0.0370164
-0.094557
0.10556
0.021485
-0.0180704
0.0120786
-0.0499725
0.0366158
0.0292928
0.0346532
0.0321596
-0.0407188
-0.0607848
0.0829449
0.0410401
0.00769603
0.00817823
0.0293721
-0.0335936
0.0322402
-0.000506419
0.0503673
0.0416164
0.00321172
0.0436294
0.0150198
0.0559655
0.0837399
0.0780594
0.063768
0.0281696
0.0819484
0.0952558
0.0585631
0.044726
0.0903827
-0.00465297
0.0932922
0.0820806
0.0621734
0.072623
0.0177041
-0.00100648
0.0301863
0.0488434
0.0108999
0.0534271
0.0664811
0.0280337
0.00289623
0.0538828
0.0410996
0.0661899
0.0467081
0.0557552
0.0590006
-0.0587259
0.0237319
0.0746254
0.0212185
-0.0244404
0.0260457
0.0654286
0.000234052
0.044502
0.0903326
-0.0428237
0.00980286
-0.0688214
0.0425836
-0.00975315
0.0439985
-0.00963414
0.0321598
0.0369298
-0.0156882
0.0756671
0.00947897
0.00857597
0.0495785
0.0294781
0.0747303
-0.00218195
-0.00798812
0.0450986
-0.00986043
0.0322422
0.0616339
0.089731
-0.0728856
-0.0126796
0.0144428
-0.0242283
0.0419144
0.0601042
0.0716403
0.0288936
0.0948468
0.0997364
0.0866477
0.0714755
-0.0618104
0.0605787
0.0841717
0.0825729
0.0808647
0.0705147
0.068013
-0.0302757
-0.025867
0.00591547
0.092682
0.0103374
0.0694042
-0.0189846
0.0454693
0.082783
-0.0262603
0.0825619
0.0322893
0.0397051
0.0325831
0.0763463
0.0319865
0.0377256
0.0174847
0.0308501
0.0303416
0.0948439
0.0473315
0.0326949
-0.114933
0.0472993
0.0396196
0.0467017
0.0433744
0.056992
0.06407
0.021258
0.0108853
0.0657284
0.0749262
0.104224
0.0542718
0.0315615
0.0276686
0.0142399
0.0448263
0.0701236
0.0507866
0.0864523
0.0542561
0.0104757
0.0525316
0.0388325
0.0386351
0.0652512
0.0615562
0.0344361
-0.0142434
-0.0582683
0.0372899
0.0400087
0.00356336
0.0647814
0.0617875
0.0402676
0.0631031
-0.000269962
0.0504674
0.0023016
0.0580117
0.0784564
-0.0810447
-0.00291221
0.0254979
0.0623858
0.0165893
0.0446075
0.0782346
0.0443865
0.0676328
-0.0074481
0.0567973
0.013761
0.00807643
0.0368094
0.0600156
0.0159407
0.0337133
0.0518077
0.0327197
0.0579722
0.0743753
0.0899179
0.0240506
0.0250222
0.000215694
-0.0605486
0.0277971
-0.00282305
0.0339196
0.0179477
0.0386722
0.0532616
0.00663377
-0.00900227
0.0451463
0.0661282
0.0441747
0.0486678
0.0284281
0.0340615
0.0269098
0.0481203
0.0526493
0.0337696
0.0485145
0.0574924
0.059085
0.0720342
0.0626595
0.0865752
-0.000458149
0.0664147
0.0384981
0.0234169
0.0626962
0.0491617
0.0414235
0.0763566
0.0890289
0.0527432
-0.0119266
0.0333816
-0.0265709
-0.0253831
0.00395642
0.0374356
0.0948356
0.084238
0.027313
0.00397487
0.0597551
-0.0772495
0.031132
0.0273714
0.0760164
0.00873785
0.0212997
0.0817622
-0.0532965
0.0812
0.0360437
0.0352417
0.068804
0.0638562
0.0792534
0.0678746
0.0648896
0.0471319
-0.00465503
0.0471291
-0.0404905
0.0114013
0.0038445
0.0336567
-0.0206927
0.012994
0.0464073
-0.00712911
0.0561052
0.0760556
0.0030901
0.0360367
-0.0117715
0.0480002
-0.00458322
-0.0465643
0.0158167
0.058625
0.0549154
0.0285581
-0.0400042
0.0381887
0.00768357
0.0352881
0.0168892
-0.03384
-0.0450609
-0.0034347
0.029105
-0.0298836
0.0346589
-0.00943792
0.021506
0.0719898
-0.0453955
0.0685827
-0.0419783
0.044591
0.0360921
0.0685685
-0.0581887
0.045895
0.0695238
0.00592507
-0.0190824
0.0337898
-0.0179685
0.0518491
0.0689873
0.0468241
0.0640663
0.0791572
-0.0390947
0.0901059
0.0232497
-0.00954087
0.0515944
0.0509794
0.0610446
0.0596968
0.041207
0.0253875
0.0138246
0.055495
0.0149296
0.0341293
-0.00190532
-0.0106358
0.0311657
0.0285753
0.0342503
0.0637583
0.0411752
0.0441276
-0.0357729
0.0385377
0.032819
0.0129807
0.0262629
0.0323879
0.0496587
0.021087
0.0290209
0.0542394
0.0671725
0.027663
0.0426559
0.0351411
0.00152142
0.0618621
0.0584965
0.0522309
-0.0117655
0.0462381
0.054107
0.0416318
0.0382086
0.0760853
-0.0137872
0.0169447
0.0728452
0.082294
0.0762786
0.0215185
0.0641488
0.045216
-0.0198606
0.0524181
0.0722592
0.0699599
0.0572247
0.0586803
0.0469533
0.0750631
-0.0725261
0.0397143
0.0546956
0.0836194
-0.0124697
0.0796401
0.0198985
0.0725198
0.0186058
0.016597
0.0173208
-0.00576036
0.0260088
0.0309538
0.0820712
0.0340199
0.0761036
-0.0474449
-0.0651248
0.048629
-0.0100333
0.0742107
-0.00511163
0.0524738
0.00758839
0.0188733
-0.0257291
0.0320156
0.038594
0.035349
-0.0545159
0.00112502
0.0149424
-0.0250598
0.0513068
0.0472712
0.0578209
0.0284495
0.0474378
0.0343587
0.028589
0.0514624
0.0228856
0.0505467
-0.0393662
0.0210802
0.0457281
0.00438397
0.0380145
0.0155454
0.0717767
-0.0392202
0.0373521
0.0367616
0.0415028
-0.0256748
0.0488691
0.0711541
0.00480861
0.0759658
0.0611768
0.00210762
0.0236868
0.0524357
0.0604537
-0.0688705
-0.0243668
-0.052383
-0.0442125
-0.0180937
0.0251568
0.0858269
0.0174819
-0.00950412
0.0328898
0.0712897
0.0978864
-0.0260162
-0.0056992
0.0210682
0.0594938
-0.0138382
-0.0436807
0.0539189
0.0441655
0.0349683
0.050481
0.0477605
0.0685994
0.0546113
0.0477545
0.0527664
0.0647587
0.0808788
0.0601503
0.0411165
0.0417623
0.0295706
0.00817976
0.0632565
0.0327399
0.0341585
0.0557775
0.0304478
0.0501431
0.0485934
0.0564739
0.0474112
0.0362609
0.0383387
0.0734225
0.0335348
0.0260503
0.0738093
0.0163189
0.0378316
0.0660461
0.0891912
0.00529718
0.0388685
-0.0125273
0.0518179
-0.0410398
0.0558374
-0.0165378
0.0338553
0.0477431
0.0238917
0.0558286
0.0360241
0.0504106
0.05017
0.0572807
0.0106697
-0.00155345
-0.0266208
0.0195453
0.0566637
-0.0380543
0.100167
0.0479849
0.0154835
0.0854679
0.0165873
0.037146
0.0671101
-0.0428165
0.0905154
0.0664216
0.0439391
0.0523098
0.0670527
0.0502901
0.0473477
0.0269948
0.0731314
0.0672447
0.0791152
0.0450352
0.0735494
0.0245604
0.035762
0.0460358
0.0698594
-0.0554065
0.0434869
0.0544917
0.0407858
0.081249
0.0588256
-0.00948581
0.0858712
-0.0155511
-0.00459583
0.0959466
0.0616305
0.0544121
-0.00737468
0.0463382
0.0288375
0.045809
0.0435007
0.0781558
0.0343341
0.0961738
0.0132042
0.0640708
0.0507198
0.0729013
0.029467
0.0642708
0.0554495
0.028877
0.0659127
-0.00967688
0.0702665
0.0451666
-0.014299
0.0777185
0.0275012
0.00696039
0.0578839
-0.0115723
-0.020078
0.0272867
0.0910703
0.037023
0.0216104
0.0844331
0.0774915
-0.0190656
0.0719685
0.0362542
0.0777109
0.0247345
0.0191748
0.0366009
0.0580687
0.0534266
0.0693855
0.0285764
0.0127512
0.0176706
0.00783652
0.0635208
0.072968
0.0548445
-0.057807
-0.00737394
0.0503594
0.063481
-0.0192931
0.0855031
0.0112303
-0.0280149
0.0214939
0.0641351
0.0617936
0.0303843
-0.0181275
0.0866326
0.0726113
0.0638093
0.042131
0.0491265
0.0744913
-0.0189652
0.0545144
0.041361
0.068187
0.0748367
0.0546825
0.0708543
-0.0344247
-0.00622926
0.0230878
0.0941465
0.0484229
0.0712677
0.0475814
0.0375252
0.0228822
0.00288069
0.029171
-0.00446694
0.00494303
0.0723766
0.0672738
0.0606156
0.0652874
0.0459614
-0.000378698
0.0207944
0.0495923
0.0758366
0.0507715
-0.0598103
0.0386273
0.0703353
0.0556339
0.0480278
0.0717137
0.0823347
0.0671467
0.0252102
-0.0436395
0.038206
0.0264085
0.0515732
0.0296388
-0.0168145
-0.016711
0.00240828
0.0323833
0.0737396
-0.0463076
-0.0389195
0.0354704
0.0202978
0.0744634
0.00314829
0.0776346
0.0403292
0.068321
0.0595372
0.0836809
0.00455512
0.0507321
0.094914
0.0231735
0.0223415
0.0137572
0.0996414
0.0654204
0.0185205
0.0933419
0.0457321
0.0247343
0.0509393
-0.0351954
-0.00638821
0.0418921
0.0133455
0.0863421
0.0858174
0.010103
0.0297801
-0.0463638
0.0620411
-0.014135
0.057452
0.0964989
0.0797222
0.0406166
0.0699916
0.0478221
0.0495497
0.0638083
0.0238692
0.024511
0.0436995
-0.0222651
0.053206
-0.109933
-0.0271781
0.0138305
0.0321945
0.0757911
-0.019184
-0.0162298
0.0434954
0.0191476
0.00606942
-0.0388779
0.0143
0.0405358
0.0252217
0.0528745
-0.0351944
0.0304036
-0.0285877
0.0403446
0.00995372
0.0783939
0.0602716
0.0407066
0.047442
0.055751
0.0356483
0.0612974
0.0123721
0.053942
-0.00539346
0.01497
0.0747418
0.0240353
0.0379983
0.0426983
0.0733393
-0.0416836
0.048029
0.0137529
0.0880058
0.0190039
0.0471675
0.0601502
0.0501701
0.0344742
0.0649699
0.0624722
0.0619604
0.0240226
0.00905544
0.0270251
0.0282501
0.0348586
0.0325228
-0.0324804
0.077163
0.0519488
0.05722
0.0904455
0.0398614
0.0882751
0.00776544
0.0261677
0.0192674
0.049433
0.0291534
0.00274919
0.0311517
0.0498772
0.0753241
0.0231571
0.0604577
0.039792
0.0764735
-0.0233602
0.0245004
0.0208223
0.0200827
0.00481107
0.0366257
0.00619976
-0.0171386
0.0580288
0.0339752
0.00652341
0.0339133
0.0322581
-0.00282198
0.0537391
0.0836555
0.0217686
0.0855212
0.0324638
-0.0053867
0.0504975
-0.00866683
-0.0245312
0.0708742
-0.0244315
0.0691267
0.033216
0.0590148
-0.0169959
0.0833715
0.0226124
0.00274543
-0.00110077
0.0587315
0.0742594
0.0725676
0.0385418
0.0561211
0.0432682
0.0824238
0.0698068
0.0658237
-0.00704803
0.0767568
-0.0348344
0.05011
0.0489898
0.0752212
0.0323871
-0.0155553
0.0902052
0.0327144
0.060243
-0.0158417
0.0294367
0.0325536
0.0884698
0.064123
0.0412804
0.000684736
0.0173148
0.0803428
-0.0379947
0.0446611
0.0832232
0.063161
-0.0112635
0.0114753
0.00559505
0.0659163
-0.00548605
0.0473859
0.0230194
0.0713762
0.0625284
0.0167667
-0.0154954
0.0423685
0.0194982
0.0640962
-0.0406413
-0.0246955
0.0299065
0.0502231
0.0145474
0.0404207
0.0679288
0.00605311
0.0220591
0.0601394
0.0366168
0.0524612
0.0668188
0.0842358
0.0492127
0.0827231
0.0657897
0.0758166
0.0814401
-0.0200237
0.0846726
-0.00929387
0.0657724
0.0701208
0.0461729
0.011693
0.0450455
-0.0142521
-0.0371955
0.0210951
0.0657909
-0.0149128
0.0146693
0.0491442
0.0806055
0.0437584
0.0365426
0.029437
0.0297271
-0.00812837
0.00409707
0.0600114
0.0453816
0.00963584
0.0820849
0.049654
0.0657338
0.0887162
0.0266379
0.0209522
-0.0107342
-0.0310724
0.0842141
0.0629628
0.094208
-0.0384048
0.025712
0.0750348
0.0144759
0.0442259
0.0376511
-0.00121027
-0.0292789
0.0868797
0.0826964
0.0705898
0.0818452
0.0657049
0.068862
0.0472599
0.0283702
0.0770824
0.0593091
0.0157869
-0.00436262
-0.0176508
-0.0176008
-0.00750258
-0.0238634
0.0230233
0.0259458
-0.0287984
-0.0184861
-0.0173938
0.0340079
0.0370721
0.0155552
0.0983427
0.0421657
-0.000858472
0.023452
-0.00161031
0.0694339
-0.0108612
-0.00809317
-0.0637389
0.0405118
0.0657842
0.0957373
-0.00150347
-0.044168
0.00393575
0.0572961
0.0248708
-0.0158144
0.034524
0.0658409
-0.0385071
-0.0379366
0.0217093
-0.0480951
0.0311698
-0.00737577
-0.00764986
0.00306012
0.0134505
-0.00321016
0.0640913
0.0129332
0.0520383
-0.0507775
0.0240614
0.0890139
0.0780931
0.0763691
0.0217593
0.0120574
-0.027338
0.049815
0.0756979
0.00350338
-0.0371617
0.0205385
0.0891779
0.0488616
-0.000339579
0.0713107
0.0380892
0.0599727
0.0843028
0.0800998
0.0477373
0.0519461
0.0571908
0.000684925
0.0278239
0.00781038
0.0265779
0.0352296
0.00543548
-0.0506084
0.0277578
-0.050924
0.0651812
0.0663046
0.0683066
0.0783509
0.0143183
0.053594
0.060325
0.0221121
0.0456388
-0.0356724
0.0767167
0.017718
0.0308563
0.057185
0.0707729
0.0707882
-0.0140676
0.0174688
0.0616018
-0.0464059
0.0854233
0.0650127
-0.0467284
0.00938011
0.0565211
0.0679759
0.0689512
0.0495626
0.0633653
0.0433786
0.0592944
0.0692466
-0.0558292
0.0723849
-0.0458828
0.0631994
0.0811905
0.029597
0.0417651
0.0451572
0.0601859
0.0399057
-0.0801466
0.014654
0.001906
-0.0253068
0.021385
0.0611265
0.0409783
0.0463588
0.000699695
0.0146488
0.00664572
-0.00178469
0.0642545
0.0584482
0.024704
0.0962847
-0.0253333
-0.0121819
-0.0279643
0.0698784
-0.00673869
0.0753494
0.0211655
0.0162902
0.0305187
-0.00532098
-0.00240971
0.0427163
0.0223107
-0.050979
0.0873643
-0.0624561
0.0458791
0.0407573
-0.0668934
0.025054
0.0326374
-0.0608755
0.035492
-0.0213938
0.0536873
0.0423631
0.00271193
0.023692
0.0462957
0.024655
0.0848098
-0.0360057
0.0736902
0.0675401
0.0568454
0.0383111
0.0438687
0.0623927
0.0445707
0.0492635
0.0474318
0.0578952
0.0940836
0.0617458
0.0183883
0.0456716
0.0167352
0.0372586
0.0359599
0.0199683
0.0351695
0.0542183
0.00569075
-0.0183852
0.0346979
0.0609593
-0.0113571
0.0516554
0.0715615
0.0496999
0.0921143
0.0674287
0.0809365
0.0182034
0.0303618
0.0459099
-0.0275225
0.0967073
0.0279347
0.0530954
0.0230863
0.0650733
0.0565178
0.0874902
-0.0356231
0.0628351
0.00610443
0.0952942
-0.0446196
0.0274749
-0.0210633
0.0712214
-0.0437524
-0.0476316
0.0728681
0.0512025
0.0265137
0.0185025
0.0597906
0.0464401
-0.0759647
-0.0154146
-0.00304156
0.00526771
0.0503664
0.0623092
0.00922671
0.0718846
0.024025
0.0390762
0.0326225
0.0281146
-0.00631399
-0.0235139
0.0550656
0.0774914
0.0577661
-0.0725734
0.0376554
0.0379799
0.0436116
-0.00216394
-0.0222423
-0.0192822
0.0263901
-0.0175913
0.0319993
0.0535639
0.0379394
0.0520043
0.0370789
0.0413108
0.0510591
0.0554574
0.0360471
0.0257587
0.0648815
0.0246046
0.0142566
0.0492752
0.0761239
0.0651722
0.0826956
0.0398592
0.071203
-0.0680766
0.0602147
0.0718735
0.0504748
0.0390707
0.0413767
-0.0194186
0.0744285
0.0621299
0.040933
0.0347632
0.0776442
0.0194645
0.0614496
-0.0107402
-0.00590128
0.0423732
0.0793326
0.0173159
0.0634773
0.0359044
0.0593016
0.0906893
-0.0742678
0.0269434
0.0827656
-0.000187927
0.0011636
0.0344003
0.054485
0.0938814
0.0464246
-0.0367954
0.0836158
0.0243123
0.0194147
0.00331344
0.052989
0.075552
0.0307589
0.0302414
-0.0383097
0.0271723
0.0290459
-0.0143223
-0.0242919
0.0178544
0.0445145
0.0674949
0.00530331
-0.0412732
0.0453138
0.0040426
0.0351573
0.0564119
-0.0068427
0.0405537
0.016845
0.0279965
0.0946444
0.0083405
0.0512814
0.0290021
-0.0172057
0.0224597
0.0876012
0.0188495
0.0140837
0.0499873
0.0873424
0.0273215
-0.00104538
-0.0156697
0.00467631
-0.0326314
0.0189292
-0.00712585
0.0584412
0.073955
0.0696005
0.0656853
-0.017468
-0.0343754
0.0215015
0.0191706
0.0285199
-0.00165245
0.066707
0.05845
0.0213027
0.00438895
0.051539
0.080471
0.0375261
0.0300016
0.0714043
0.0395453
0.0667013
-0.0461491
0.0517639
0.0552616
-0.0328287
0.0564917
0.0344646
-0.00458052
0.0583638
0.0215565
0.049943
0.0117369
0.00225579
0.0688795
0.00968044
-0.00666612
0.0573292
-0.0419385
0.0464383
0.025009
0.0104542
0.0420429
0.0191113
0.0537421
0.00950074
-0.000145449
0.0262376
-0.043506
-0.00427242
0.0360715
0.0608723
0.00294734
0.0339614
-0.0368976
-0.00959876
-0.0155476
0.0790502
0.0879893
0.0124776
0.0708231
0.0388198
0.0581747
0.0613582
-0.0600224
-0.0210899
0.0389888
0.0308146
0.040389
0.070833
0.0669613
0.0291514
0.0637829
0.0397444
0.0364817
-0.0010387
0.00257771
-0.0291603
0.0183256
-0.00653118
0.0118351
0.02278
0.0481242
-0.0148078
-0.0535119
0.0594901
0.0263129
-0.0446264
0.0252672
-0.0474656
0.0395797
0.0147707
0.0297635
0.0366846
-0.055791
0.0299702
-0.115644
0.0490827
-0.039776
0.0017065
-0.0338933
-0.0184368
0.0582479
0.0702778
-0.0103674
-0.0441212
0.0213687
0.0248557
0.00247127
0.0667852
0.031652
0.0515799
0.0132213
0.028814
0.047384
0.0325133
0.0329389
-0.0108817
-0.0314532
-0.0111663
0.0629136
-0.0189936
-0.00116236
0.0584582
0.0119622
0.0171355
0.041143
-0.00191965
0.0247922
0.0451392
0.00824868
-0.0156208
0.0147665
0.0704127
0.0328705
0.0262228
0.0779679
0.0169064
-0.0155573
0.0418327
0.0389748
0.0300934
0.0390726
-0.0357954
-0.00993842
0.040875
0.0613285
0.0126033
0.0143362
0.00682778
0.0170735
0.0177852
-0.00614745
-0.0196351
0.0738754
0.0971078
0.0381257
0.0483534
0.0892091
0.0529674
0.047627
0.00102067
0.049383
0.0597951
0.078436
0.0260854
0.0788938
0.0744961
0.0233563
0.0129049
0.0782186
0.0821269
0.0301049
0.0267945
0.0789882
0.0238326
0.00544742
-0.00249887
0.0195928
0.0512649
0.0349102
0.0164821
0.0496548
0.0380313
-0.0984028
0.0220168
0.0724815
0.0383334
0.0577069
0.0714317
0.069033
0.0652353
0.0691012
-0.0252382
0.0591012
0.0398316
-0.0204855
0.0100007
0.0427627
0.0201021
0.0491211
0.00391513
0.0546815
0.0823964
0.0438894
0.0624765
-0.00425037
0.0536878
0.052392
0.0473035
0.085999
0.0613539
0.0496752
0.0695854
0.0275954
0.0451777
0.0340265
-0.0373311
0.0119054
0.00631821
0.0218976
-0.0494924
0.0747183
0.0302183
0.0527085
-0.0178658
0.0268375
0.0553552
0.00522949
0.0875388
0.0215085
-0.00912889
-0.00671732
0.0064776
0.0647944
0.102232
0.0750433
0.0893135
0.0861633
0.0515616
0.0177965
0.0855185
0.0704121
0.0396724
0.0623681
-0.0346602
-0.0130974
0.0797713
0.0372697
0.0467229
0.059752
0.0591705
0.0498104
0.0432955
-0.00116263
-0.0261934
0.00962801
0.060668
0.00310718
0.0185782
0.0464522
0.0380037
0.0416255
0.00624923
0.0378489
-0.0300119
0.0709574
0.00815443
0.0374844
-0.00556066
0.033704
0.0513003
0.0417412
0.0342128
-0.00366443
-0.00362958
0.0649452
0.0371204
0.0523741
0.0111432
0.0355787
0.0827241
0.0414182
-0.0101636
0.0743186
0.0639891
0.0521448
0.0225991
0.0531271
0.0545199
0.0432145
-0.015935
0.0752349
-0.0496757
-0.00531968
-0.00113477
0.0286156
-0.0340795
0.0276098
0.0204743
0.0873585
0.0093473
0.00453555
0.0646485
-0.0058101
0.0600247
0.0685993
-0.0161535
0.0763988
0.017087
0.0681434
0.0617696
0.0755477
0.0784298
0.0582219
-0.0473164
0.00306722
0.0741823
-0.0525723
0.017182
0.0447048
0.0878508
0.0768892
0.0476205
0.0552402
0.0318543
0.0857052
0.0172067
0.0550628
0.00583815
0.0501284
-0.0364918
0.040022
0.0588874
0.0528732
0.0673205
0.0920987
0.0313995
0.0291983
0.0502256
-0.0366732
0.0435062
0.0373401
0.0667201
0.0624928
0.0660733
0.0732576
0.0262082
0.0121328
0.0126889
0.0438661
0.104326
-0.0152017
0.0473816
0.0569867
-0.0648548
0.0749555
0.0391826
-0.0314999
0.0555799
-0.0272715
0.0418916
0.0509231
-0.0133685
0.026955
0.012104
0.0515797
0.0309013
-0.0253932
0.0802047
0.0446172
0.0110405
0.0640364
-0.0102589
0.0644096
0.0379835
0.0127395
0.0320628
-0.0128231
0.0568196
0.0739126
0.0617026
-0.0109677
0.0531684
-0.0164579
-0.0149936
0.019267
0.0616821
0.0635858
0.0254835
0.0368728
0.073745
0.0608699
0.068585
0.074462
0.0671979
-0.0315169
0.0319695
0.0120682
0.080112
-0.0345576
0.0688503
0.0804852
0.0834015
0.0357276
0.0730945
0.0640311
-0.0180607
-0.0184963
0.0937385
-0.0215252
-0.0257931
0.0825347
0.0128583
0.0261175
0.073683
0.0319291
0.0539004
0.0557568
0.0344616
0.0556886
-0.0335712
0.0600574
0.0355537
0.074102
0.0681865
0.0249754
0.0407263
0.012813
0.0311681
0.0579762
0.0324338
0.0669375
0.00806017
0.0687383
-0.000563761
-0.00325662
0.0323617
0.0431048
0.0483711
0.0498465
-0.0353318
-0.0133341
-0.00634784
-0.0615742
0.0433174
0.0679657
0.085848
0.0447594
0.0657417
-0.0869388
0.0644512
0.0194071
0.0761686
0.0699211
0.0331418
0.0287514
0.0257805
-0.0092291
0.0221478
0.0716754
0.0681288
0.00132653
0.00260711
0.0601105
0.0490161
0.0226507
-0.0596761
0.030031
0.0202836
0.00902385
0.08201
0.0468076
0.0638142
0.0136807
0.0156964
0.0658535
0.00990104
0.0770948
0.0424168
0.0303153
0.0508036
0.040333
0.0495519
0.0450458
0.0180654
0.0559372
0.0214754
0.0243993
0.0219837
0.0512493
-0.00386017
0.0868998
0.033095
-0.00407139
0.00930827
0.0343457
-0.0486939
0.0701723
0.0550231
-0.0380353
-0.00852252
-0.00458223
0.0437144
0.0609199
0.00685597
0.0479258
0.0325738
0.0414302
0.0329178
0.0063626
0.0694788
0.0104308
0.0380133
0.0540183
0.0423495
0.0699934
0.0295185
-0.0639016
0.0647064
0.011715
-0.00623056
0.0428591
0.0461419
-0.0215784
0.00764068
0.0388212
-0.00942494
0.049015
0.0176619
0.00788641
0.0418532
0.0790117
0.0314901
0.0508481
0.0400164
-0.0524698
0.0272831
0.0284825
0.0671179
0.031521
0.0200362
0.0351097
0.0547459
0.0549288
-0.0514631
0.0383069
0.0443157
0.0364086
0.0644551
0.0311585
0.0426457
-0.0167713
-0.0358067
0.0173421
-0.00236194
0.0331939
0.0843714
0.0469666
-0.00887542
-0.0314825
0.0456115
0.0438858
0.0383264
0.0412738
0.0628613
0.0377158
0.0767327
0.00508093
0.0324452
-0.0181593
0.0490649
0.0320279
0.0469516
0.0509958
0.0626812
0.00935447
0.0482594
0.0909278
0.0451725
-0.00690842
0.0436679
0.0281993
0.0737754
0.0588886
0.0423841
0.0529943
0.0892136
0.00449925
0.0649913
0.0129736
-0.0085016
0.00323226
0.0636437
0.0573025
0.0408535
-0.0273107
0.0324391
-0.0329883
0.078029
0.0529941
0.0608505
0.0741729
0.097061
0.00460413
0.0529269
-0.0252457
-0.0419847
-0.0187325
-0.00386932
-0.036833
0.0147506
-0.0228065
0.0555286
0.0772944
0.0769188
0.0797422
0.0857801
0.0843594
0.00211847
0.059908
0.0365881
-0.00425406
0.0233904
0.0425044
-0.0424255
-0.0603694
-0.0253712
-0.0106258
0.0762548
-0.0531703
0.036474
-0.0132955
0.0129006
0.0285537
0.0601776
0.0216226
0.0605016
0.0151299
0.0437751
0.0501514
0.0771963
0.0401093
0.0161197
0.0897222
0.0445908
0.0704342
0.0320517
0.0520273
0.0662502
0.0843173
0.0777514
0.0164378
0.0548239
0.0610884
0.0151517
0.0622046
0.058274
0.0669545
0.0528112
0.0239058
0.00778924
0.0404413
0.0442653
0.0141599
0.0481971
0.0180415
0.0702489
0.0889414
0.0375754
0.0466664
0.0283164
0.0441148
0.046363
0.0219856
0.0540151
0.0456451
0.0176961
0.0987715
-0.023662
0.0285177
0.0321244
0.0507964
0.0570344
0.0375399
0.0336159
0.000321058
0.0501556
0.0990163
0.0216684
0.0790882
0.0607994
0.0454331
0.0140658
0.035426
0.0396314
-0.0530346
-0.0288371
0.0497641
0.0114097
0.045366
0.0568952
-0.000498774
0.0283652
0.0151868
0.0481807
-0.0160386
0.0049344
-0.0251826
0.00260799
0.0615713
-0.0237415
0.0331829
0.0192779
0.0498362
-0.0431724
0.0358809
0.0190374
-0.00704159
0.091187
0.0149406
-0.0429691
0.0354765
0.0283569
0.0807256
0.0491081
0.0172112
0.0309496
0.0328073
0.0996418
0.0406872
0.0363109
0.0788532
0.0316392
0.0470572
0.0358324
0.0447302
0.0263259
0.0356376
0.0362292
0.067871
-0.0520338
0.0504844
0.0558598
0.0104446
0.0764743
-0.000686422
0.0515355
0.0658081
0.0690481
0.018382
-0.0602062
0.0461066
0.0240742
0.0200035
0.0472674
0.012962
0.0136543
0.0635092
0.0174176
0.0353904
0.0506046
-0.00643027
0.00406484
0.0319984
-0.00693584
0.0267324
0.047029
0.0153793
0.0435997
-0.0248328
-0.0222516
0.00457563
0.0371499
0.0423709
0.0339973
-0.0298161
0.0330228
0.0382132
0.0513333
0.0669863
0.00679089
0.00622822
0.0509662
-0.0740411
0.0458717
0.0533491
0.0297648
0.0440509
0.00546951
0.0410145
0.0459518
-0.00525098
0.064449
0.019665
0.0378488
0.0346249
0.0663789
0.0632761
-0.0159075
-0.0161349
0.000178511
0.00765765
0.02893
0.00706911
0.0339688
0.0147281
0.070464
0.0488197
0.026408
0.0522582
0.0216508
0.0517281
0.0678216
-0.0757306
0.0434589
0.065256
-0.00579027
0.0370674
-0.00330299
0.0319019
0.0356174
0.0540623
-0.0102982
0.0596708
0.0527725
-0.0349638
0.0729268
0.055405
0.0220116
0.0985227
0.0987379
0.00743762
0.0408641
0.0228498
0.0740509
0.0590353
-0.0240153
-0.053223
0.0553244
-0.0389383
-0.0660358
0.0227115
-0.0360758
0.0350781
0.0282136
0.0104864
0.0244345
0.0373413
0.079767
0.0174558
0.0703936
0.0813174
0.0175538
-0.00535601
-0.0322508
0.0729974
0.00325361
0.0334147
0.0134457
-0.044362
-0.0528011
-0.0270704
-0.0161861
0.0278126
-0.0279247
0.000645441
0.0651789
-0.0865454
0.0629494
-0.027722
0.0518387
0.0661253
0.0649526
0.00624583
0.0409816
-0.0006518
0.0149914
0.000778996
0.0722453
0.0570289
0.0198958
-0.00180031
-0.00876722
0.074033
0.0613098
0.0194928
-0.113917
0.0295252
-0.0162984
0.0617033
0.0932605
0.0201269
0.0333599
0.00242471
0.0281651
0.0461828
0.0193814
0.0139759
-0.0201914
-0.0707352
0.0350322
0.0683725
0.0414393
-0.0173153
0.0216127
-0.0270016
-0.0736456
-0.0889648
-0.00391857
0.0768426
0.0139134
0.0249596
0.0500472
0.000761696
0.00744866
0.0269856
-0.0149271
0.0661932
0.037939
-0.0711813
0.0562504
0.0495658
0.0632388
0.0514396
0.0141687
0.0469084
0.0303925
0.0668187
0.0432239
-0.0356863
0.055083
0.0570755
0.0692216
0.073782
0.0505706
-0.0222106
-0.0665524
0.0659278
0.0565359
-0.00218241
0.0441129
0.0314657
0.0668407
0.0255694
0.0469216
-0.002403
0.0293834
0.0256402
0.00656085
0.033518
0.0202617
0.0054584
0.0321951
0.0447857
0.0249237
0.0596745
0.0399815
0.00404161
0.00662776
0.0319438
0.0674454
0.0822738
0.0690835
0.0687849
-0.0155391
0.080511
0.0669281
0.0405077
0.0645149
0.0878793
0.076122
0.0180266
0.0382036
-0.035569
-0.00115237
0.0402217
0.0426932
0.0685537
0.0253016
0.0317829
0.0931501
-0.0485897
0.00253689
0.0509983
-0.00685641
-0.0426488
0.0548976
0.0785235
0.0428525
0.00583715
0.0301151
-0.00886394
0.024755
0.0761614
0.0100209
0.024378
0.0744281
0.0603266
-0.0322292
0.0532951
0.0467473
0.0614347
0.00537651
0.0671817
0.0528725
-0.0302371
0.0967957
0.0726538
0.024026
0.0867896
-0.0281005
0.0582885
0.0325397
0.0207874
0.0263154
-0.00774068
-0.020527
0.0659208
0.0192559
0.0738371
0.0535598
-0.0146963
0.0309584
0.0285955
-0.0384274
-0.0130915
0.0352833
0.0463125
0.0521928
0.0669796
0.0414209
-0.00724423
0.046794
-0.0195616
0.0557523
0.0532468
0.0448433
0.0321552
0.0574175
0.0341806
0.0478202
-0.0231082
0.0852467
-0.0379471
0.042312
0.0844225
0.0735188
0.0566192
0.059003
0.00102788
0.0560009
-0.0308804
0.0129981
0.0554048
0.0666606
0.0796561
0.0820718
0.0827364
0.0716196
0.0234283
0.0581043
0.0804148
0.0704657
-0.0308497
0.083632
0.0583512
-0.014434
0.0166282
0.062722
0.0167486
0.0666507
0.0834902
0.0887416
-0.0209044
0.029049
-0.0338509
0.0106041
0.0255996
0.0327819
-0.00081088
0.101747
-0.00459369
0.0814473
0.0583812
0.0459447
-0.0222025
-0.0371866
0.0498783
0.0356874
-0.0459998
0.047943
0.0561579
0.0910689
-0.0343991
0.0644328
-0.0794821
0.0340376
0.0282144
-0.0788858
-0.0461991
0.0167157
0.0731934
-0.012503
-0.00852331
0.0241182
0.00375827
0.0807331
-0.00218726
0.0582988
0.0489229
0.0508442
0.085266
0.0478601
0.0401613
-0.0330347
0.00886377
0.0586267
0.0167249
-0.0487071
0.0355298
0.0382664
0.0458065
0.0223959
0.0681465
0.0285423
0.0808883
0.0430464
0.039739
0.00534465
0.0769813
0.0308469
0.0351896
0.0470478
-0.0763303
0.0380414
0.0265758
0.0374429
0.0149778
0.00541051
0.0886747
-0.0480375
-0.00566793
0.075572
0.0554258
0.0626146
0.0777929
0.0454764
0.0722835
0.0699138
0.0538343
0.0731893
0.0379587
0.0598842
0.0165958
-0.0198188
0.0388505
0.00826513
0.0373099
-0.0214114
0.0221807
0.0364551
0.0246905
0.0153187
-0.00211105
0.0330759
0.0168148
0.0191547
0.0263527
0.010788
0.029851
-0.0181037
-0.0577564
0.0388059
0.0280464
-0.0369072
0.0606807
0.0357511
0.0337474
0.0440227
0.0293549
-0.0100835
0.0104338
-0.0120038
0.0549747
-0.0984481
-0.00237312
-0.0151398
0.0287168
0.0346189
0.0672136
0.0536338
-4.31E-05
0.0601441
0.0603683
0.0317132
0.0801446
0.0812303
0.0811377
0.0652826
0.0304127
0.0343965
0.019692
-0.0156978
-0.0110009
0.0195474
0.0193082
0.0519671
0.0559891
0.0604966
0.0807942
0.0772488
0.0954213
0.0129
0.0889154
0.0830072
0.0618101
0.0613706
0.0741218
0.0704094
0.0589835
0.0532466
0.0502059
0.0678365
0.0426039
0.034626
0.0788185
-0.00874206
0.0320013
0.0357462
0.0453759
0.0442843
0.0699699
0.0317395
0.0659153
0.04859
0.0443252
0.0673779
0.0732867
0.0524295
0.0592042
0.00527653
0.063908
0.06744
0.00109935
0.063373
0.0393646
-0.0177272
0.0733828
0.0274111
0.0715536
0.0395142
0.050694
-0.0338741
0.00777008
-0.0147787
0.0230258
0.0696745
-0.0407761
-0.0425914
0.035351
-0.0422143
0.0886227
0.03183
0.0579098
0.0756491
0.0588315
0.0565438
0.071226
0.0900471
0.0382839
0.0900636
0.0925589
0.0691243
0.00541403
0.06607
0.0751168
0.0621214
0.0764913
0.0542003
-0.0594131
0.0887674
0.053192
0.0489684
0.0625808
-0.0193219
0.00337876
0.0724646
0.0439989
0.0319825
-0.0136807
0.00309869
0.0745692
0.0895411
0.0538397
0.0317066
0.0720419
-0.00876585
0.0258212
0.0322951
0.0892763
0.0308965
0.0487387
0.0556692
0.048113
-0.036496
-0.0132954
0.0603558
0.0448929
0.042692
0.0806235
0.0853896
0.034146
0.0688383
0.0862676
0.0278392
0.0462498
0.0901664
0.00410573
0.0434518
0.0890045
0.00326156
0.0669866
0.0499288
0.0630253
0.0604189
0.0196296
-0.0024973
-0.00328922
0.030672
0.0603343
0.0866732
0.0676379
-0.0216534
0.0879392
0.0760649
0.0157086
-0.0445039
0.0530318
-0.0321345
0.061241
0.0182846
0.0403496
0.0641993
0.0925041
0.0266089
0.079669
0.0387592
0.0272276
-0.0225638
0.065532
0.0414268
0.079786
0.0836008
0.0636651
0.0188799
0.04994
0.0550275
0.0776957
0.0505004
-0.000890757
0.0453496
0.0358139
0.029564
0.0290778
0.033688
0.00113619
0.0783355
0.0687052
-0.0038634
0.0346944
0.0483886
0.00684259
0.0467048
0.0545906
0.0991456
0.0500569
0.065046
0.0541901
0.0552357
0.0833953
0.0184872
0.0481627
0.0987207
0.0199583
0.0469849
-0.0176287
0.0220759
-0.0632654
0.0561503
0.0596894
0.0389156
0.0812729
0.0824759
0.033228
0.0848956
0.0648701
0.0556168
0.0183811
0.0234161
0.0211504
0.057342
0.0823795
0.0229421
0.0860937
0.0854329
0.0908287
-0.000364626
-0.0735391
-0.00340801
0.0711338
0.0914853
0.0488378
-0.00435543
0.0562987
0.0563256
0.0513151
0.024319
-0.0186345
-0.034681
0.0689736
0.02045
0.039449
0.0581582
0.0723437
0.0669957
0.0609583
-0.00617588
0.0478923
0.0338904
0.0544251
0.0278914
-0.0507593
0.0737655
0.0623137
0.0269389
0.0749663
0.0114192
0.00826128
0.0497721
0.0504171
0.0127528
0.0397654
0.0791521
0.0578359
0.0264141
-0.0647238
0.0356495
0.0912546
0.0262036
0.026973
0.0103069
0.0511813
0.00338102
0.0417338
0.0613676
0.0275624
0.0320051
0.0370663
-0.0129007
0.0505263
0.0515406
0.030831
0.0461667
-0.0244437
0.04781
0.0800666
0.0596299
0.035764
0.0113047
0.0759102
0.0721198
0.0749303
0.0575785
0.0455348
0.000538661
0.0562584
0.0666398
0.0611381
0.00565115
-0.00610472
0.0521325
0.0627322
-0.0512613
0.0614997
0.0571658
0.0502452
0.0709518
0.0458308
0.0389361
0.0517469
-0.00780805
0.0300519
0.0195602
-0.048153
0.0585664
0.0559303
0.0602279
-0.0273322
0.0628611
0.0109952
0.0618187
-0.00707085
-0.000603436
0.0316269
-0.0343973
0.0497744
0.0577065
0.011612
0.0372146
0.0427527
0.0735308
-0.0284655
0.0188477
0.0064649
0.0320661
0.0256637
-0.0197975
0.0707745
0.078642
0.043277
-0.0279623
-0.0111002
0.0512914
0.0607668
0.0101315
0.0220906
0.0498588
0.0145073
0.0497134
0.0934003
0.0834428
0.0318271
0.0249842
0.0440357
0.0643842
0.0465139
0.0829051
0.0350765
-0.00501158
0.0443892
0.0153495
0.013246
0.0898096
0.0678965
0.0496228
0.093126
0.0299864
0.0626306
0.0704453
-0.0258361
0.0422128
0.0860105
0.0662122
0.0653041
0.0539269
0.0495993
-0.00475171
0.0804946
0.0838049
0.0478724
0.0682155
-0.0546381
0.0567201
0.0525457
0.0585067
0.0296787
-0.0354638
0.00779903
0.087713
0.0707382
-0.0111424
0.0494178
-0.0310122
0.0313773
0.0717502
0.0475414
0.0389176
-0.0235276
0.0335309
0.00598659
0.0775347
0.0469817
0.0669059
0.0878414
0.0620742
0.0707227
0.0881876
0.0680258
0.0121172
0.0194242
-0.0438754
-0.0217433
0.0334116
-0.0283159
-0.0194716
0.0399273
0.040206
-0.00492005
0.0482691
0.0609644
0.0295542
0.0290987
0.0525993
-0.00248301
-0.0223796
0.0786922
0.0873618
0.0627837
0.0804529
0.0612336
-0.0745547
0.0662543
-0.0195234
-0.0228136
0.0199545
0.0817482
0.0133112
-0.0118503
0.0580187
-0.0285128
-0.00709317
0.0472904
0.0275603
0.0126033
0.0222999
0.103681
0.0388509
-0.0203904
0.0594168
0.0666956
0.00403254
0.0226485
0.00379021
0.00452807
0.0388909
0.0755647
-0.000956025
0.000759982
-0.0328723
0.0652707
0.0363383
0.046776
0.0537313
0.0267678
-0.012542
0.00138665
-0.0619061
0.0428454
0.0736236
0.0554003
0.055664
0.0284511
0.0712444
0.0122087
0.0918291
0.0433511
0.0627279
0.0518165
0.0765062
0.067452
0.0513422
-0.0302442
0.0294347
0.0546098
0.0218196
-0.0537934
0.0529616
0.0279324
0.0946335
0.0678146
0.0593484
-0.0423503
0.0448346
0.0422415
0.00378819
0.068763
0.0435338
0.057256
0.00048987
0.0381807
0.0275318
0.0642743
0.0116737
0.0717026
0.0381744
0.0768703
0.0771592
0.0509319
-0.0383215
0.0572224
-0.0134118
-0.0404035
0.0139659
-0.00253296
0.047085
0.04712
-0.0750754
0.0236624
0.0835497
-0.0863795
-0.0380058
0.0204856
-0.0798931
0.0238571
0.00635924
-0.07097
0.0284083
0.030199
0.0330408
0.0657671
0.0189105
0.0289832
0.0661795
0.0682768
0.0424242
0.0510775
0.0696464
0.0726508
0.0862072
0.0477142
0.0120114
-0.0232076
0.00797792
0.0836376
0.034985
0.0389885
0.00544511
-0.00904172
0.0722501
0.0246698
0.0155637
0.0582705
0.0122238
-0.0196906
0.0635348
0.0547114
0.0354446
0.043694
-0.0441923
-0.0037531
-0.0160778
0.0500274
0.047304
0.0586446
-0.0232389
0.0513004
0.0374028
-0.0156535
0.00171239
0.0444248
0.0731436
0.0453033
0.0514521
0.00372032
0.0571601
0.0533381
-0.0415984
0.0611393
0.0503601
0.0591185
0.0949377
0.0247365
0.0173089
0.0691522
0.0275201
0.00687536
-0.00213406
0.0292154
0.0831489
-0.00456432
0.0600476
0.0687547
0.0618212
-0.055607
0.0335769
0.0297983
-0.0218855
-0.0325374
0.0690927
-0.0262354
0.0419565
0.029903
0.0338368
0.0448258
0.0672785
0.0891829
0.0529495
0.0847397
0.0147193
0.0881804
0.0739037
0.0757686
0.0318482
0.0721394
0.0614037
0.078098
0.00843493
0.0816059
0.0928349
0.0508562
0.0583125
0.0636759
-0.0121974
0.0259468
0.0284833
0.075034
-0.00381794
0.0353886
0.0559957
0.0580297
0.0202884
0.00900404
0.0407949
0.0478789
0.0756428
0.0428322
0.036716
0.0585444
0.0406671
0.0729877
0.0724837
0.0811449
0.065103
0.0691533
0.0109288
0.0665858
0.0698446
-0.00908405
-0.0239183
-0.116833
-0.000525817
0.0256867
0.0584859
-0.00149796
0.00754271
-0.0143343
-0.0481558
-0.00164995
0.00902332
0.00671204
0.0700909
0.0346302
0.0227984
0.0387265
0.0649891
0.0520761
0.057204
0.0259402
-0.0052567
0.021203
0.0433196
0.031154
0.0657438
0.0719327
0.0937662
0.0155368
0.0357197
0.0662236
-0.00214958
0.081432
0.0725584
0.0811434
0.0784536
0.0468588
0.0335668
0.045274
0.0740733
0.0621977
0.0745896
0.0491767
0.0692518
0.0711182
0.0302317
0.0410918
0.0612508
0.0108736
0.0747774
0.0504421
-0.0257767
0.0785705
-0.0346787
-0.0197751
-0.00709853
-0.0292209
-0.062097
-0.0427938
-0.0414177
-0.0885975
0.0263656
-0.0969303
0.0212614
-0.0734887
0.0847087
-0.00458998
-0.0104351
0.00144693
-0.0283429
0.0973646
0.0646885
-0.0505894
0.039071
0.0632317
0.0470714
0.00334207
0.0151588
0.0305093
0.0359516
0.0350106
0.0539569
0.0185462
0.0178194
-0.0271037
0.0436821
0.0829635
0.0171076
-0.0185446
0.0361496
0.00444959
0.0624364
0.0361235
-0.00704972
-0.0212309
0.00260823
0.0355143
0.0435645
0.0518126
0.0408089
0.054088
0.0757083
-0.00252929
0.0522181
0.0409292
0.0165765
0.00496523
0.0608539
0.0406516
0.016264
0.0217686
-0.0302042
0.0358042
0.0292754
0.0934509
0.0473639
0.0582457
0.0417958
0.023268
0.0146285
0.0240133
0.0590376
0.071788
-0.0472708
0.0590182
0.0711306
0.0728475
-0.0313771
0.0161151
0.0291003
0.0439231
0.0560278
-0.0330909
0.0102863
0.0903419
0.036799
0.038946
-0.00570013
-0.0855765
0.0364679
0.0685485
0.0110892
0.0870413
0.0189883
0.0450764
0.00410174
-0.0638208
0.0440205
0.0437629
0.00701229
0.0747283
0.0318676
0.0255444
0.0747877
0.0576007
0.0328804
0.0738055
0.0458846
0.0511546
-0.0172284
-0.0073623
0.0591337
0.0568618
0.011117
0.076747
0.101714
0.0128388
-0.023355
0.0124404
0.0378689
0.01911
0.0563101
-0.0187014
0.0328757
0.0416397
0.0367231
0.0038126
0.000196982
-0.0175
0.043194
0.0365719
0.0562487
-0.0294413
0.0809379
-0.0258428
0.0384775
0.00124224
0.0662725
0.0559827
0.0888394
0.055447
0.00084028
-0.0150516
-0.0144196
-0.0239396
0.0414822
0.0886461
0.0538637
0.0418202
0.0671665
0.000528275
0.0463071
0.0400491
0.0185581
0.0437775
0.044648
0.0158862
0.082151
0.0249596
0.0352554
0.0579169
-0.0123327
0.0417542
0.0491
0.0820087
0.0195402
-0.0021116
-0.0153548
0.07391
0.00490987
0.0887444
-0.0147532
0.00628355
0.0434369
0.0801828
0.0488256
0.0915211
-0.0165214
0.0272901
0.00758251
0.00557149
0.0743894
-0.00371772
0.0656498
0.0709783
0.0665315
0.023785
-0.0180207
0.00778305
0.0389916
0.0424657
0.0832341
-0.0656086
0.0829063
0.032836
0.0627045
0.0262251
0.0809825
0.00245955
-0.0460286
0.0369861
-0.0078682
0.0464329
0.0430272
-0.040033
0.0495904
0.0462245
-0.0495852
0.0121959
0.010227
-0.0451894
0.0442621
0.0964479
0.0184719
0.0765263
-0.0241259
0.0457729
0.0255369
0.0557855
0.0280944
0.00859698
0.0658424
0.048564
0.0211038
-0.00166379
0.0328047
0.0632292
0.0192897
0.0520466
-0.0294424
-0.0578811
-0.0174218
0.0392821
0.0533238
0.0224259
0.0765218
0.04537
0.00266589
-0.0450752
-0.000288189
0.0230012
0.0581871
0.0070364
0.0719831
0.0708424
0.0577422
0.0844329
0.0876599
0.0321401
0.0452464
0.0351322
0.065377
0.0144192
-0.000255382
0.0529158
0.00648897
0.0592634
-0.00839579
0.0795345
0.0568044
-0.0118045
0.0201663
-0.0173405
0.062849
-0.0186762
-0.00762249
-0.00739151
0.0408173
-0.0267453
-0.00991414
-0.0470655
0.0605154
0.0612133
0.0576012
0.0395998
-0.0121288
0.0215956
0.020028
0.0682465
0.061592
0.0120083
-0.0170814
0.0358589
0.0951211
0.0487123
0.0547743
0.0244891
0.0656397
-0.0284402
0.0530039
0.0355386
0.0257581
0.0811589
0.00989219
0.0441073
0.0182178
0.00315837
0.0320761
0.03281
0.0894033
0.0378059
0.0133624
0.0269331
0.0775906
0.00717735
0.0726997
0.076515
0.0520642
0.0257333
0.053842
0.0588608
0.077351
0.0519159
0.0773659
0.0664833
-0.0229885
0.0519366
0.0288224
0.077147
0.0538479
0.05857
-0.0395611
0.0781402
-0.013642
0.0648614
-0.0282338
0.0208466
0.0786124
0.0217261
0.0120478
0.0600058
0.0171078
0.0548584
-0.029989
0.0253711
0.00461759
-0.0348578
0.014909
0.025497
0.0631284
0.0179731
0.0847429
0.0340287
0.0735492
0.0707829
0.0745857
-0.066982
0.0229982
0.0562229
0.0457696
0.0544491
0.0688441
0.0883432
0.0607043
0.0641115
-0.0280701
0.0196858
-0.0141278
0.0498509
0.00670517
0.0790631
0.0403818
0.0468575
0.0865223
0.0874755
-0.00464011
0.042477
0.0603296
0.0771678
0.0553948
-0.0192076
0.00119325
0.0612122
0.0460185
0.0838352
-0.0190184
-0.0539948
0.0533035
0.0443955
0.0680895
0.0380223
0.0460478
-0.0203033
0.0761999
-0.0183557
0.0951505
0.0598321
0.0692853
0.0438057
0.00505116
0.0513417
0.0702185
0.0428655
-0.00130582
0.0314734
0.0114406
0.0476532
0.0443205
0.0291473
0.0704837
0.0410644
0.0382917
0.0290228
0.0516765
0.0631875
0.0655162
-0.0183387
0.0798251
-0.0513505
-0.0311831
0.0241886
-0.0563557
-0.0100512
0.0282739
0.0289131
0.0746785
0.0820128
-0.0230773
0.0584029
0.0267798
-0.0370339
0.0186494
-0.0320206
0.0383225
0.028256
0.0547471
0.0818948
0.0281405
0.0075124
0.0161594
0.0882072
0.00527077
-0.00141558
0.0555142
-0.00749311
0.0159104
0.0295337
-0.0245717
-0.0267037
0.0843211
-0.0175099
0.045574
0.0139498
0.0234447
-0.0444344
0.0286615
-0.0504779
0.047189
0.039217
-0.0349837
0.0167045
0.0338656
0.0788964
-0.0128489
0.000602751
0.0518443
0.0873827
0.0510644
0.0607793
0.0329416
-0.0556924
0.0496729
-0.0261726
0.016556
0.0170652
0.0507022
0.0575991
0.0617789
0.0225207
0.0805402
0.0523076
-0.0430784
-0.0298212
0.0633729
0.0629673
0.0665384
0.0687041
0.0558398
0.0360005
0.0614564
0.0608986
0.00588023
0.0479158
0.0502298
0.0587726
0.0443388
0.103377
-0.0437669
-0.0455565
0.0454931
0.0266888
0.00722609
-0.0111546
0.0942452
0.018537
0.0334429
0.00837857
0.0651804
0.0550573
0.0283309
0.0511149
0.0267526
0.0240091
0.0561598
0.0271187
0.0523812
0.0597092
0.0323218
0.0505245
0.0558141
-0.00671042
0.0293149
-0.0480071
-0.0171215
0.0228357
-0.00309905
-0.00425943
0.0892648
-0.0732083
0.0312401
0.0752743
0.0128833
-0.00933896
-0.0628677
0.0280262
0.0258012
0.0569971
0.0203153
0.0224467
0.0547427
0.00594797
0.0504023
0.0432774
0.031879
-0.0166668
0.0284034
0.0790852
0.0328835
0.0626133
-0.0281017
0.0605712
0.0302641
-0.00928264
0.0586839
0.0523608
0.0224523
0.0618563
0.0464629
0.0241665
0.0336606
0.0388746
0.0713959
0.00695143
0.0742629
0.0512852
0.0323963
0.0648736
0.0291822
-0.0200583
0.0659003
0.0939368
0.0845757
0.093976
0.0726909
0.0481847
0.0351452
-0.0287379
0.00479488
0.070815
0.051283
0.0389411
0.0650994
-0.0163752
0.0838509
-0.000790299
0.0712278
0.0309135
0.0760553
0.0482188
0.0936427
0.0283642
0.0184895
0.0206083
0.0778788
0.0450549
0.0470964
0.0278517
0.071017
-0.000767775
-0.0206257
-0.0325043
0.0583839
0.0393968
0.101091
-0.0330144
-0.0726336
0.0404068
-0.0160803
0.000237513
-0.0702356
0.0137698
0.0713774
0.0698862
-0.0145332
-0.00409656
0.041767
0.0245138
0.0218516
0.0632082
0.0674081
0.0566829
0.0668139
0.00923294
-0.00435695
0.0200746
0.0487257
0.0825467
0.0257402
0.0276969
0.0632033
0.0185517
0.0487276
0.0670229
-0.0101348
-0.0098926
0.0172848
-0.0312647
0.0570534
0.0359876
0.00492333
0.02427
0.0499471
0.00220356
-0.0439312
0.0252286
0.0370101
0.0503426
0.0315685
0.023474
0.0472785
0.00584019
0.0798565
0.0122394
-0.0102011
-0.0266401
0.0398408
0.0815518
0.0295729
0.0280656
0.00599245
0.021947
0.0834909
0.0837732
0.0663891
0.0962022
0.0416894
0.0160422
0.0818162
0.0497229
0.0483575
0.0631588
0.106603
0.0919866
0.0722867
0.0672677
0.07029
0.0672358
0.0354227
0.0590663
0.0521523
0.0677362
0.0512215
0.0043774
0.0231533
0.0282084
0.0336542
0.0723426
0.0668891
0.0869254
0.028148
0.0290647
0.0716231
0.0705134
0.0651533
0.0402107
-0.05791
0.0115514
0.0316822
0.0470147
-0.0606865
0.0619591
0.0432155
-0.0331782
-0.0109847
0.040563
0.0551347
0.0704101
-0.0372771
-0.0386731
0.0372289
0.0551555
-0.00570942
0.0493386
0.0566238
0.0707673
0.0615084
0.074132
0.0852254
0.0783104
0.0523498
0.0319568
0.0439357
0.041057
0.0316801
0.060061
-0.0200476
0.0437778
-0.0348993
0.0704131
0.0293678
0.0697788
0.0765316
-0.0200777
0.0682999
0.0516656
0.0158624
0.0890169
0.0761452
0.0480148
0.071073
0.0438942
0.0692126
0.0395228
0.0303522
0.0591114
0.0759963
0.0348058
0.0464552
0.038137
0.0723177
0.0660954
0.081734
0.0371838
0.0634947
0.0690764
0.0620485
0.0558523
0.0528672
0.0685998
0.0160451
0.0496338
-0.0103954
0.0433883
-0.0167998
0.0784689
0.0127264
0.0331419
0.0845352
0.0236826
0.0551505
0.0407484
0.0326802
0.0513333
0.0815033
0.10762
0.0596287
0.0762118
-0.0148975
0.0463648
0.021514
0.0230926
0.0353157
0.0193058
0.00677759
0.0862155
-0.0316964
0.0521925
-0.0203149
-0.00884305
0.0102758
0.00221402
0.0505423
0.00630812
-0.00210763
0.0652033
0.0639417
0.0688559
0.0332683
0.0534816
0.0411082
0.0195579
0.0731662
0.0125143
0.0549239
0.0768522
0.0831881
0.0166416
0.0775076
0.057888
0.0593089
0.00361844
0.0693286
0.0428573
0.0821923
0.0735752
0.0712484
0.0220967
0.0153818
0.0764113
0.0634796
0.063635
0.051462
0.0394574
0.058343
0.0340763
0.0722973
0.0616679
0.0305949
0.0629688
0.0295296
0.00819029
0.0073219
0.058838
-0.045902
0.0598639
0.0615084
0.0433626
0.0368361
0.0239429
0.0354941
0.0523734
0.00400563
0.00821261
0.0623666
0.0709661
0.0300239
0.0624526
0.0634719
0.0291609
0.0609827
0.0267198
0.0385224
0.0341859
0.00984977
-0.0137652
0.0180054
0.0380066
0.0818593
0.00816781
0.0121314
0.0234897
0.0286829
0.0936339
0.067028
0.0604644
0.0411092
0.0521946
0.0583757
0.0210369
0.0650059
0.0476096
-0.000121306
0.0808249
0.0492118
0.046957
0.04297
0.0233675
-0.00113783
-0.00850587
0.0313978
0.0149701
0.0254724
0.0146446
0.0503201
0.0583851
0.076855
0.0186443
0.0675614
0.0491804
-0.00220069
0.0468662
0.0377155
0.0605152
0.0534651
0.0444662
0.0359401
0.0355397
-0.00537156
0.0146636
0.0289798
0.08122
-0.0159838
-0.0152427
-0.0188068
-0.0279052
0.0194222
0.0252231
0.0268509
0.0828757
0.0667405
0.0458701
0.0290759
0.0552505
0.0425764
0.0538107
0.0265183
0.0393699
0.0199065
0.0885214
0.0853182
-0.0266386
0.0943869
0.0924693
0.0945431
0.062377
0.0410039
0.104014
0.0909123
0.0667368
0.0965782
0.100988
0.0423579
0.0119894
0.051139
0.0837625
0.0800162
0.0783921
0.0890992
0.0702945
0.0492052
0.0665957
0.0664651
0.0337453
0.0762628
0.0719517
0.0509689
0.0694763
0.0809706
0.0681975
0.051394
0.0637188
0.0662037
0.00533042
-0.0162354
0.0799862
0.0313868
-0.00801553
-0.0132343
0.0334445
0.0737506
0.0142473
0.0709127
0.0427442
0.0459593
0.0424797
0.0676604
0.0128428
0.0686718
0.00939591
0.00520495
0.0528701
0.0361259
0.0370723
0.0281125
0.0310642
-0.023246
0.0695686
0.0593055
0.0166985
0.0288753
0.00276203
0.0271944
0.00329344
-0.00521941
0.0293056
-0.0217632
-0.0428675
-0.00857776
0.0317909
0.0679991
0.0247765
0.0294944
0.0342143
0.0117862
0.0555002
0.00891265
0.0742168
0.0192845
0.0171987
-0.0294165
0.0789841
0.0415328
0.0292181
0.00449255
0.0137979
0.0882045
0.0199766
0.0667225
-0.00806368
0.0320113
0.0511663
0.0252462
0.0531325
0.031638
0.0688753
0.0180678
-0.0933194
0.0494724
0.00251006
0.0111937
0.0110017
0.0366774
-0.00949828
0.0148544
0.0235532
0.0399772
-0.046262
0.0306608
-0.00362893
0.0535478
0.00103669
0.00913449
0.0323952
0.0429108
-0.0375075
0.0150976
-0.0549321
0.0335044
-0.00325493
0.0177557
0.0348331
0.0228522
0.046484
0.0138529
0.0201101
0.0672504
0.0591273
-0.0156746
-0.00887442
0.0247806
-0.0259867
0.0152654
0.049418
-0.000688148
-0.0097851
0.0431095
0.0518505
0.0387678
0.039303
-0.0220721
-0.0122907
0.01998
0.0253843
-0.0172748
-0.00805009
0.017942
0.0342298
-0.0215358
-0.0586921
0.0568101
0.00376917
-0.00289074
-0.00338916
-0.0499796
-0.000444656
-0.139814
-0.032687
-0.00795112
-0.0677952
-0.011636
0.0129148
0.0285248
-0.0640782
-0.0480671
-0.0462012
-0.058932
-0.0480016
-0.0600365
-0.00234268
-0.0451394
2.47E-05
-0.0752986
-0.0452665
-0.0146623
-0.0128835
-0.0557712
-0.0203444
0.0102779
-0.0609887
0.0379091
0.00302785
0.00139606
0.0214168
-0.0255682
-0.0313798
-0.0340048
-0.000232237
-0.0362677
-0.0426079
-0.0347844
0.0235251
-0.0359411
0.000607765
-0.0116839
-0.0408384
0.0262435
-0.00992919
-0.109449
-0.0906546
-0.00859951
0.00582995
0.002539
0.0300436
-0.0323431
-0.0840905
-0.0348945
-0.0485857
-0.00514283
0.0403804
0.00655995
-0.0474978
0.00705129
-0.0333588
-0.00524886
-8.28E-05
-0.0614692
-0.0568683
-0.0513407
-0.0620451
0.0470807
-0.0160937
-0.0188702
-0.0570004
0.0179516
-0.0348167
-0.0222975
-0.0180984
-0.0338223
-0.00550745
-0.0352902
0.0254859
0.0398644
0.00833716
0.0370894
-0.000697612
-0.0355526
0.00524403
-0.0483398
-0.0493207
-0.0033437
-0.0784963
-0.00154869
-0.0175555
-0.0481382
-0.0202466
0.00154195
-0.0390169
-0.00872774
-0.0471781
-0.00428442
-0.00889072
-0.0347307
-0.0417671
-0.00577848
0.0206514
0.0317556
0.00070058
-0.0521697
-0.00674988
-0.0499314
-0.0678459
-0.0208309
-0.00634767
-0.0708893
0.00677361
-0.0386927
0.0456115
-0.0237997
-0.0335911
0.0284106
-0.0422479
-0.022842
-0.0303414
0.00987884
0.0173267
-0.0554838
-0.0431193
0.00450875
-0.0100299
-0.0634452
-0.0386248
-0.0269783
-0.0255235
-0.00889229
-0.0324685
-0.0507476
-0.0185585
-0.0543432
0.0291414
-0.02998
0.00834733
-0.0531472
-0.0462719
0.0619611
-0.0364877
-0.0389638
-0.020361
-0.0761478
-0.0241426
0.0369984
-0.0545376
-0.00330413
0.023932
0.0190599
-0.0468338
-0.0697583
-0.0337679
-0.0260084
-0.0886559
-0.03214
0.00688872
-0.040117
0.0571551
-0.0336635
0.0186214
-0.0118478
0.0423751
-0.0428629
-0.0426489
-0.0309387
-0.055326
-0.0608876
-0.034838
0.0351374
-0.00348853
-0.0259957
0.00737131
-0.0617933
-0.00405243
-0.00386231
-0.0537581
0.0265274
-0.0336011
0.00468396
-0.040913
-0.00759264
0.0214473
-0.00389677
-0.00881541
-0.033331
0.00119968
0.000569523
0.0498905
-0.0196334
-0.0211865
-0.0320261
0.0568301
-0.0358037
0.0164899
-0.0152814
-0.00173074
0.000369732
-0.0690389
-0.0213199
-0.055833
-0.0117631
-0.0215236
-0.0439229
-0.00641313
0.0016904
-0.0533612
-0.0102064
-0.0420932
0.000468638
0.0234919
-0.00781905
-0.0453681
-0.0464652
0.0239865
-0.0782502
0.00575363
-0.0512358
-0.0326732
-0.0515303
-0.0680091
0.0220725
-0.00136966
-0.0654562
-0.0638357
-0.0397976
0.00651898
-0.0725117
-0.0328151
-0.0588258
-0.0522256
-0.0289516
-0.0187098
0.00103444
-0.00871227
-0.0416991
-0.112746
0.0362138
-0.0977859
0.0129583
0.0330126
-0.0161865
-0.10074
0.0139251
0.0118267
0.00197931
-0.114703
0.00579242
-0.0336479
-0.0300571
0.00767013
-0.0613452
0.00599975
-0.0358591
-0.0538218
-0.10868
-0.0937533
-0.012876
-0.0175601
-0.0411579
-0.0111622
0.00620251
-0.0357975
-0.0236083
0.0220084
-0.0108686
-0.0157334
0.00183988
-0.0282622
-0.0119263
-0.00107446
0.0328627
-0.058439
-0.0885861
0.0229095
-0.0368465
0.0251694
0.00876487
-0.0412457
-0.0370876
0.00113071
-0.0343365
-0.00182725
-0.0167188
-0.03144
0.0372235
-0.017026
0.00143134
-0.0841355
-0.0324903
-0.027583
0.00951445
0.00324932
0.0553038
-0.0447225
0.0681515
-0.114859
0.0101751
-0.0177205
-0.0125122
-0.022277
-0.0631814
-0.05495
-0.0907969
-0.0104289
0.0516263
-0.0320343
-0.0149451
0.00785139
0.0269626
0.00100395
-0.0639667
-0.0789035
-0.0362168
0.0171592
-0.0535495
-4.11E-05
0.0330653
-0.0822866
-0.0130347
-0.0434269
0.0140953
-0.0509854
-0.024124
-0.0448317
-0.00379926
-0.0174472
-0.0302565
-0.00109937
-0.0637598
-0.000890553
-0.0432853
-0.0327417
0.0413018
-0.0269819
-0.0151205
0.0505336
0.000114575
-0.060788
0.0375472
-0.0530647
-0.0818737
0.0151454
-0.00182403
-0.0431085
0.0614359
-0.0674506
-0.00281617
0.0155799
0.0224251
-0.0636019
-0.0272598
-0.00111947
-0.00852912
0.00502613
0.0235104
-0.0142975
-0.0124237
-0.0543683
0.0178362
-0.0365075
0.0229856
-0.0445911
0.00399854
-0.00985479
-0.0433832
-0.021444
-0.0293516
0.0193198
0.00392657
-0.0093698
0.0342841
-0.00689254
-0.00334483
0.0166103
0.0151651
-0.118285
0.0359765
0.000779204
0.0328792
0.0289737
0.00430346
-0.0455826
-0.014634
-0.0537602
0.0211439
-0.114405
0.0269884
-0.075341
0.0325753
-0.0282064
-0.00457709
0.0199726
0.0129883
-0.0232897
0.0163121
0.0135557
-0.0329957
0.014129
-0.0573733
-0.035305
0.00171704
0.0290327
-0.00465729
0.0184317
0.0529785
0.0186372
0.0237307
0.00611082
0.00101372
0.0295658
-0.00771642
0.0344451
0.00823411
0.0108145
-0.0983773
0.0341491
-0.015686
-0.0433441
-0.0211661
0.0165029
0.00642458
0.0073153
0.0125307
0.0300557
0.0150216
-0.0362428
-0.0215447
0.0136358
0.0398453
0.00984378
0.00683293
-0.00779506
-0.0421717
-0.0081163
0.0491207
0.0124708
0.00731795
0.0253639
-0.0290213
-0.0314802
0.0382957
-0.0263159
0.0133929
0.0043495
-0.0494612
0.00861037
0.0315473
-0.0142106
0.0226274
0.00164261
-0.037395
-0.0492128
0.00412659
0.0243806
-0.0105428
0.0261446
-0.0354005
0.0344433
0.0281089
-0.0121256
-0.072671
-0.0119351
-0.0463551
-0.0375198
0.00879165
0.0339889
-0.0128982
-0.00340932
-0.0306826
0.0404393
-0.00217323
-0.000569506
-0.0108779
-0.0236635
0.0440952
0.0271936
-0.0129902
-0.0504485
0.00888036
0.00806571
0.0235263
-0.0787672
0.00488374
0.00335211
0.00500243
0.0226988
0.027274
-0.0146527
0.0220182
-0.0354253
-0.0159911
0.0047801
-0.041637
-0.00393192
-0.0562503
0.00621884
-0.134164
-0.0530876
0.0344275
-0.000688284
-0.0232412
-0.0914891
-0.0108528
0.0159586
-0.0246912
-0.0485681
-0.00582266
-0.0224886
0.00197214
-0.052827
0.00728078
0.021089
-0.00859234
0.0277432
0.0217896
0.0248181
-0.0126443
-0.0244696
-0.0233955
-0.00583591
-0.0249394
-0.0748592
0.053756
0.0282123
-0.0303866
-0.0124069
0.0172529
-0.00215484
-0.00585354
-0.000972169
0.0324079
0.00654003
-0.0863294
-0.00547088
0.0365667
-0.0835562
-0.00502361
0.0042768
-0.0295609
0.0247042
0.0466771
-0.0672971
-0.0127086
0.000342082
0.0368075
0.0148208
0.0216943
0.0481411
0.0258983
0.0142982
-0.00556831
0.0107582
-0.0100696
0.00949472
0.0244266
-0.0604675
0.00317671
0.0210808
0.0346126
0.0107368
-0.0187822
-0.0166862
-0.0418592
0.0202558
0.0548886
-0.0503289
0.0265512
-0.0344301
-0.017061
0.0105819
0.0167868
0.0121099
0.0517802
-0.0514692
0.0435554
0.0375744
-0.0289113
0.0472272
0.0256685
0.021213
-0.00807896
0.0054364
0.0239232
0.0392406
0.0380326
-0.0338363
-0.0138804
-0.00607517
0.00314967
0.0299034
-0.00451008
0.0263484
0.00722187
0.00435703
-0.00765179
0.0104475
0.0315656
0.0141575
-0.0487694
0.0322802
-0.0284432
-0.00237782
0.0290043
0.0219794
-0.0178464
0.0365254
-0.0476196
0.00942024
0.0279987
0.00678081
-0.00166843
-0.0378552
0.00279974
-0.000104861
-0.0472373
-0.0571766
-0.013753
-0.0325874
0.0214518
0.0256996
-0.0522741
-0.0525627
-0.105759
-0.037877
0.0346089
0.0388077
-0.0291013
-0.0402572
0.0412222
0.0261296
-0.0191704
-0.0158433
-0.0475548
-0.00170414
0.0178038
0.0478184
-0.0653015
-0.00839593
-0.0379015
-0.023096
-0.0673683
-0.101258
-0.00466156
-0.0364716
0.0678002
-0.0494899
-0.0159016
0.0399129
0.0252004
0.0282666
0.015045
-0.108118
0.0250719
-0.0055986
-0.0194287
-0.0166842
-0.0204529
0.00325247
-0.0148962
-0.0340079
-0.000958397
0.0102612
-0.0533312
0.0555655
-0.0455275
-0.00943027
0.0587053
-0.0379204
-0.0385814
0.0287441
-0.0376134
-0.00441943
0.033612
0.000146894
-0.0943584
0.0175642
0.0118982
-0.0776056
0.0209958