0.0272689
0.000539705
0.0500581
-0.0086157
0.00160426
0.0354369
-0.00686471
0.0702598
-0.0377762
0.00537333
-0.0676726
0.0206249
0.0537661
0.0598907
0.0437797
0.0628049
0.0788071
-0.00241023
0.0653355
0.0173237
-0.046559
0.0574346
0.0101146
0.0845892
-0.0677496
0.0237214
0.0593559
0.0410647
0.0798789
-0.00240478
0.0599282
0.0627222
0.100739
0.0775923
0.0729415
0.0602911
0.104594
0.0987737
0.0553056
0.0990731
0.0708532
0.0936835
0.0932699
0.0882357
0.0713605
0.0558848
-0.0316327
0.00602659
0.0944111
0.0297979
0.0186546
0.0638254
0.0873264
0.101779
0.0923006
0.0910182
0.0525773
0.111227
0.103025
0.0896519
0.0503544
-0.0465715
0.0915914
0.0314631
0.0750993
0.093815
-0.0106229
0.0912723
0.0931575
0.0372471
0.0677252
0.0615077
-0.116854
0.03116
0.0137552
-0.0232067
0.102063
0.0767585
0.0326409
0.0935003
0.0860997
0.0374262
0.0779231
0.0514497
0.0578444
0.0648379
0.0752795
0.0263723
0.0275956
0.0799382
0.0782407
0.0857943
0.0595617
0.057031
0.0713976
0.0303829
0.0727487
-0.0394752
0.0755968
0.0995601
0.0465211
-0.00200809
0.0225698
0.00573681
0.0352636
0.0663297
0.0472666
0.0648865
0.0233815
-0.061897
0.00642892
0.0690644
0.0758204
0.088695
0.0996566
0.0771545
0.0604512
0.051377
0.0793962
0.0583817
0.00964859
0.0731283
0.0518214
0.0651893
0.0518375
0.0873829
0.0421727
0.0555774
0.0310083