0.072695
0.109685
0.0193327
0.107131
-0.0796392
0.111149
0.0808767
-0.0192293
-0.0877544
-0.0393757
0.0894999
0.0386246
-0.0401873
-0.121084
0.0376814
0.00546021
0.0232523
0.108389
0.0164777
0.12049
0.0553716
0.0673526
0.0188352
0.0726252
0.00713748
0.0682131
0.0860521
0.0964799
-3.80E-02
0.0948034
0.0582975
0.062375
0.093014
0.0516092
0.0682268
0.0461669
0.057893
0.0632787
0.0918197
-0.0415607
0.0800259
0.0707659
0.0500702
-0.0678404
0.0809661
-0.0476489
0.085848
0.0949791
0.0942168
-0.0660688
0.0686871
0.0931735
0.0963323
-0.0244208
0.0112645
0.0648775
0.00731729
-0.0206667
-0.0462398
0.0641533
-0.059835
0.0993408
0.0302078
0.0846473
0.103864
0.113123
0.0650796
0.0111572
0.0924385
0.0895962
0.10395
0.0911736
-0.00653969
0.0569797
0.110612
-0.00126098
0.0547062
0.107843
-0.00491295
0.127059
0.0667272
-0.0748221
0.0696884
0.103144
0.00585293
0.116835
-0.0220003
0.122011
0.000138308
0.119549
0.0601799
0.0927843
0.0267692
0.0554554
0.0778392
0.0813885
0.114196
0.052291
0.0747306
0.00162877
0.0148137
0.0814411
0.0504081
0.113936
0.0567412
0.0822258
0.029792
0.0897064
0.107146
0.0936585
0.085269
-0.0204486
0.107672
0.0894407
0.0521202
0.0325217
0.114736
0.051575
0.114651
0.0935645
-0.0214036
0.088937
0.127512
2.29E-02
0.101831
-0.0260175
0.100692
0.113047
0.0853959
0.00660092
0.0698622
0.0193403
0.0702838
0.0752873
0.0911034
0.0891152
0.10511
0.105686
0.0869168
0.0488394
0.0597343
0.102812
0.111161
0.0804647
0.05862
0.00725885
0.0117315
0.0332942
0.0359525
0.100075
0.0618898
0.0933712
0.011234
-0.0130615
-0.0104134
0.0176465
0.0884146
0.0863482
0.118266
-0.0564278
0.0756641
0.0713995
0.0405941
0.124437
0.0690754
0.0764147
0.109255
0.102377
0.118299
0.0891551
0.103328
0.100849
0.00726596
0.0540955
0.099498
0.0393118
0.089974
-0.0518355
0.0539765
0.0601924
0.0652679
0.0979663
0.0221805
0.0811227
0.104867
0.0375037
-0.0699915
0.00785038
0.0639623
0.0918864
0.0931835
0.0619982
0.0880486
-0.0851983
0.0393381
0.0607008
0.0995922
0.0933818
0.0716252
0.0485001
0.0758279
0.0885311
0.0913137
0.0969048
0.0454299
0.106233
-0.0192906
0.0113756
0.119583
0.0594141
0.117582
0.0270415
-0.00204866
0.0873957
0.0658229
-0.0194502
0.0855664
0.105997
0.043504
0.100877
-0.0485058
-0.0162284
0.0100706
0.00812662
0.105037
0.0928681
0.0960725
0.05723
-0.147821
0.0616203
0.0500036
-0.0121968
0.0925875
0.116733
0.10455
0.0517289
0.0249996
0.0263456
0.037241
0.0631935
0.114639
0.110777
0.0910239
-0.00129042
0.0971099
-0.0265643
0.0843024
-0.0955826
0.0101189
0.100713
0.0662338
0.10792
0.105977
0.103067
-0.0618139
0.109672
0.0920862
0.113828
-0.0281366
-0.0293044
0.0534057
0.00158299
0.112407
0.0357852
1.12E-01
0.059567
-0.0200461
0.0508922
0.0619337
0.0177709
-0.0137833
0.0992247
0.100442
0.0457025
0.0157564
0.0569489
0.0966459
0.10752
0.0530187
0.0269272
0.0863645
0.0718652
0.0714719
0.0694828
0.0779352
0.0601309
-0.0318393
0.0458436
0.0880598
0.0938234
0.0734622
0.0992003
0.0358844
0.0407578
-0.0379826
0.0815809
0.041221
0.0797933
-0.00652882
0.0265128
-0.0295869
0.104727
0.0569693
0.0153321
0.0728753
0.106851
0.0252235
0.0633198
0.0278388
0.0896136
0.079477
0.086321
0.0985287
0.0830701
0.050634
0.129266
0.0712727
0.0723986
0.0924261
-0.00676516
0.0610691
0.124403
0.0961966
-0.0105473
0.106456
0.07383
0.105979
0.0406242
5.44E-02
0.0947099
-0.0147447
0.10625
-0.0505542
0.0213176
0.112878
0.0168107
-0.0364127
0.109763
0.0451986
0.0545825
0.104682
0.095308
0.0180947
0.10723
0.0404493
0.0550399
0.0783066
0.025229
0.107328
-0.00065922
0.0838268
0.108553
0.05073
0.106001
0.0636289
0.0511602
0.0548537
-0.0660362
0.0140225
0.0199052
0.0175999
0.0343389
-0.030084
0.0146529
0.0756305
0.0988917
0.109934
0.0880242
0.0865966
0.040098
-0.104381
-0.0759553
0.0942299
0.104375
0.062486
-0.0591666
0.0893379
0.100259
0.046658
0.00316165
0.110088
0.0854513
0.0434754
0.0496929
0.110974
0.0906189
0.11186
0.0247582
0.0204406
0.0973499
0.0793624
0.0448594
0.0117365
0.0784044
0.0724265
-0.00551943
0.0434585
0.0892025
0.0887062
0.0617912
0.105025
0.0522006
0.0899494
0.0602345
0.0679594
0.0688681
0.103154
0.0925675
-0.0296947
-0.0630339
0.0681789
0.116611
0.00129522
0.104073
0.0843267
-0.00892795
0.075868
0.0949742
0.0618283
0.109895
0.0635025
0.112263
0.0664018
0.123793
0.049689
0.0364763
-0.0568736
0.0593452
0.0459192
0.0690717
0.00991929
0.0947398
0.0959421
0.102338
0.0347876
-0.0111228
0.0351304
0.101436
0.073654
0.0737928
-0.00031824
0.117881
0.114942
0.0615662
0.114336
-0.146159
0.101359
0.080937
0.103973
0.113662
0.0854811
0.104184
0.0745231
-0.0973584
0.10639
-0.00692734
0.0159988
0.107259
-0.0379379
-0.0188951
0.0288226
0.0748069
0.0438455
0.0992073
-0.0058196
0.0674024
0.0622048
0.100704
0.00413516
0.044034
0.0815476
0.0866519
0.104311
0.0737237
0.104636
0.0285971
0.0711078
0.0799949
0.0641761
0.0343529
0.057821
0.0863297
0.106776
0.078686
-0.0278674
0.0550306
-0.0113004
-0.063844
0.117103
-0.030962
0.10785
0.0809124
0.0935951
0.041212
-0.0631492
0.0197163
0.115681
0.111075
-0.0129488
0.0605634
0.0918098
0.109743
-0.024907
0.0757568
0.0894544
0.0453483
0.0460589
0.0949951
0.0589549
0.0315879
0.029442
0.0474529
0.0252903
0.103673
0.100748
0.0983725
0.0226689
0.0741084
-0.00423896
-0.0647726
0.0837323
0.116117
-0.0575024
0.0709615
0.103351
0.0931607
0.0814038
0.0955583
0.0956119
0.0836336
0.10794
0.0536321
0.0303551
0.00644489
0.0371793
0.0174504
0.0570806
-0.0664479
0.0674004
0.0274965
0.0395799
0.110075
0.00701303
0.0684277
0.117735
0.0207826
-0.0234267
0.102707
0.0380217
-0.00770924
0.116559
0.109988
0.0248122
0.122703
0.103326
0.0593245
0.0989686
0.0597666
0.00203793
0.0466635
0.0727509
0.0105042
0.113364
0.0944049
0.0871534
0.08887
0.109413
0.0493081
0.103058
0.0947573
0.0891247
0.0640727
0.115512
0.103386
0.0249715
0.0552417
0.0295218
0.0657875
0.0759685
-0.0861199
0.0337661
0.0975219
-0.00602414
0.0797427
-0.0530519
0.0960382
0.073704
0.104645
-0.000727462
-0.0107597
-0.0220238
0.0603673
0.0977797
-0.00756223
0.0526682
0.0202511
0.00233015
0.042606
0.0492415
0.0625754
0.106903
0.0136006
0.0922463
0.060555
-0.0205157
0.109555
-0.0207808
0.0920599
0.0489977
0.0732736
0.100772
0.0613916
-0.0037272
0.0807227
0.0380347
0.117329
0.0752575
0.0642174
0.00125558
0.0105501
0.0845015
0.00523792
-0.0583319
0.0792342
0.10474
0.0633268
0.0895813
0.0890582
0.0924993
0.0970741
0.0824672
0.0961738
0.114362
0.0738838
0.0523653
0.0310299
0.0880317
0.113618
0.0612936
0.0747032
0.0813228
0.11398
0.0797185
0.00775953
0.097843
0.0110031
0.0649585
0.0295522
0.0301813
0.0980655
0.0997376
0.122071
0.105016
0.104436
0.105631
-0.0227802
0.0799783
0.00880064
-0.010362
0.0358776
0.0301318
-0.0361858
-0.0320824
0.0370181
0.0857511
0.0897698
0.018583
0.0703216
0.064852
0.0600142
0.0607628
0.0988683
-0.0217655
-0.0392694
-0.00981375
0.0487302
0.0442234
0.0924397
0.0864923
0.0605483
0.0647347
0.0420824
0.0703927
0.107927
-0.0696997
0.107059
0.102345
0.0995633
0.0736714
0.0183565
0.0567656
-0.0467854
0.0940091
0.0463455
0.104338
-0.0249999
0.0887445
0.0166757
0.0738657
0.0518406
0.110555
0.0823849
0.0233902
-1.00E-05
0.10291
0.0665617
-0.0789688
0.02405
0.0597062
0.090852
0.0225097
0.106283
0.0469655
0.0440651
0.104456
-0.0366918
0.0495192
0.0159336
0.0787683
0.0859788
0.0962838
0.0887515
0.0841345
0.0883728
0.0701209
0.0910304
0.110704
0.0972363
0.0425575
0.0881679
0.113877
0.0687481
0.0419405
0.104376
0.0636751
0.112133
0.0839486
0.0505168
0.0919587
0.0844894
0.00460177
0.0904365
0.112291
0.0456454
-0.0433318
0.0198164
0.0324006
0.0225456
0.054876
0.0532498
0.0424099
0.108652
0.122508
-0.0551589
0.0821841
0.0537314
0.0706667
0.0583109
0.104552
-0.0199369
0.0968641
0.0387369
0.0463207
-0.0367204
0.125815
0.105206
0.0818004
0.123112