0.0698359
0.151692
0.149764
0.174897
0.171453
0.111553
0.169988
0.155977
0.145128
0.162627
0.107796
0.174621
0.109493
0.143442
0.163691
0.170672
0.161588
0.0832177
0.132334
0.155673
0.144134
0.0378076
0.175374
0.176703
0.170949
0.176337
0.178678
0.179289
0.166863
0.181108
0.146519
0.164199
0.113069
0.137821
0.172944
0.164491
0.1209
0.172065
0.0741312
0.162858
0.166273
0.17859
0.0991676
0.106749
0.155812
0.14263
1.94E-02
0.100051
0.155324
0.0353904
0.136031
0.157815
0.158374
0.137807
0.0675828
0.0381654
0.177263
0.160263
0.153803
0.143622
0.0513135
0.0885463
0.0778131
0.10359
0.125499
0.0942203
0.0936474
0.0931831
0.0794605
0.0163437
0.0720493
0.157895
0.168326
0.155087
0.16204
0.163328
0.174445
0.11257
0.14261
0.118288
0.159142
0.169759
0.148072
0.0179055
0.168507
0.147895
0.150457
0.175002
0.116062
0.111227
0.161795
0.0875953
0.153647
0.153653
0.165156
0.126488
0.0672172
0.132399
0.123527
0.077301
0.118352
0.0294372
-0.0295866
0.043358
-0.103931
-0.222675
-0.158405
0.0186387
0.00371328
-0.05363
-0.0639199
-0.0453519
0.134925
0.153301
0.157006
0.141929
0.133077
0.102808
0.164899
0.168628
0.134025
0.1776
0.162817
0.139218
0.14484
0.177218
0.0796931
0.0374216
0.0311946
0.0651196
-0.0348338
0.150388
0.10533
0.161629
0.105573
0.136518
0.172397
0.150893
0.163687
0.16654
0.107261
0.103027
0.161298
0.12554
0.0818956
0.143922
0.174662
0.161935
0.139704
0.130411
0.0810651
0.105767
0.168001
0.170778
0.171005
0.169438
0.09585
0.161409
0.135185
0.156819
0.0336481
-0.0157459
-0.176157
0.0907888
0.0332985
0.000712733
0.0445763
0.0279201
0.0733825
0.0417522
-0.14592
-0.145118
0.0573095
-0.0990391
-0.0122276
0.112414
0.111717
0.101754
0.11174
-0.0101144
0.053405
0.0626636
0.0279734
-0.175676
-0.0991214
-0.087702
0.120093
-0.0302506
-0.102229
0.0547033
0.027337
0.0057522
0.0273177
0.0342628
0.0202161
0.0173317
0.0667334
0.0497902
0.0457168
0.0401962
-0.0989791
0.0376634
0.049384
0.0730471
0.0562179
0.0629105
-0.100678
0.0397186
0.00879105
0.0638649
0.02458
0.05646
0.0518241