0.0892531
0.154245
0.149273
0.177377
0.169261
0.101093
0.159571
0.140936
0.149527
0.163444
0.0923052
0.171738
0.104279
0.139204
0.15497
0.164754
0.15321
0.0743808
0.134271
0.151784
0.146721
0.0226223
0.17275
0.176318
0.165238
0.173396
0.178087
0.172923
0.159228
0.179953
0.141448
0.152149
0.117956
0.136551
0.172296
0.168351
0.12281
0.17404
0.0783284
0.155873
0.165176
0.178674
0.102878
0.101631
0.160182
0.138266
0.00663177
0.101263
0.159298
0.0271132
0.145778
0.156829
0.161422
0.146034
0.0687467
0.0251038
0.173486
0.163701
0.156346
0.144616
0.0549182
0.0949035
0.0735297
0.109949
0.12898
0.0954566
0.0954421
0.0980938
0.0839882
0.0285692
0.0562209
0.157629
0.165757
0.15452
0.15607
0.15996
0.169819
0.119328
0.143249
0.11822
0.155024
0.167759
0.139833
0.0245308
0.167462
0.142579
0.145436
0.169518
0.104623
0.11985
0.160905
0.0789473
0.156434
0.150132
0.166396
0.135423
0.0776636
0.130148
0.130419
0.0698398
0.124506
0.0371781
-0.0260157
0.0582087
-0.104835
-0.211733
-0.16093
0.0156734
0.0205085
-0.0485619
-0.060281
-0.0432094
0.137906
0.163043
0.166734
0.149336
0.136493
0.0851136
0.158992
0.173785
0.129062
0.173085
0.164259
0.141197
0.143742
0.17241
0.0920194
0.0627716
0.0301477
0.0684218
-0.0237013
0.163601
0.112371
0.170199
0.0994329
0.133236
0.164896
0.151098
0.154447
0.164082
0.112818
0.1057
0.162927
0.123427
0.0647195
0.144881
0.174112
0.156144
0.152282
0.126698
0.064829
0.113738
0.171342
0.170209
0.170235
0.172515
0.100426
0.163306
0.135041
0.161854
0.0123091
-0.0256284
-0.178209
0.0989908
0.0399345
-0.0124528
0.0505294
0.0295502
0.0737304
0.0388956
-0.168412
-0.163955
0.0574053
-0.096904
-0.0327947
0.111166
0.101477
0.096338
0.118057
-0.010682
0.038017
0.0659432
0.0200968
-0.166941
-0.0837794
-0.0990481
0.125733
-0.0500968
-0.119333
0.0683378
0.0370026
0.0114774
0.0335528
0.029864
0.0413806
0.0397956
0.0699723
0.0596751
0.0543445
0.0515395
-0.099413
0.0540462
0.0610074
0.0760357
0.0559839
0.0649804
-0.104047
0.0489373
0.00309174
0.0668199
0.0189639
0.0574406
0.0399292

0.0703447
0.152082
0.154151
0.17222
0.171213
0.124336
0.168126
0.161677
0.143217
0.160655
0.122511
0.169007
0.121618
0.151798
0.162711
0.166856
0.153666
0.0849426
0.123252
0.156505
0.152181
0.0477273
0.172427
0.174609
0.166842
0.166951
0.177583
0.173527
0.165456
0.176672
0.146084
0.166857
0.118208
0.137196
0.171747
0.164612
0.127908
0.166684
0.0825814
0.163529
0.162278
0.179386
0.0948912
0.111338
0.158998
0.146795
0.0192074
0.0935155
0.147064
0.0405828
0.146178
0.16152
0.160175
0.145422
0.0674716
0.0522201
0.169926
0.158563
0.150126
0.140421
0.0498627
0.0811862
0.0867026
0.103427
0.129056
0.0875934
0.0854965
0.083537
0.0740054
0.0535871
0.0726265
0.160402
0.16872
0.156619
0.160365
0.159923
0.169997
0.120453
0.137569
0.111505
0.161545
0.160273
0.148381
0.0315373
0.17079
0.155643
0.149772
0.174168
0.116073
0.114531
0.167197
0.108041
0.161908
0.150808
0.167793
0.134843
0.0871288
0.137978
0.140057
0.094104
0.101903
0.0443273
-0.0083388
0.0681313
-0.0974306
-0.23059
-0.17604
0.0425015
0.0209749
-0.0717033
-0.0779486
-0.0463419
0.128998
0.137712
0.153511
0.137139
0.127954
0.108641
0.160998
0.162885
0.139624
0.175214
0.161484
0.12153
0.14634
0.170934
0.0890414
0.0722478
0.0480075
0.0772244
-0.0114473
0.141088
0.113666
0.158305
0.105836
0.140798
0.169386
0.150039
0.159399
0.16175
0.120804
0.113113
0.15597
0.127212
0.0880259
0.140619
0.172473
0.160025
0.145083
0.139411
0.0899533
0.112382
0.163468
0.167452
0.172468
0.170724
0.097952
0.158115
0.14001
0.156942
0.0549651
0.00760684
-0.178259
0.0945521
0.0274829
-0.0127264
0.048891
0.0342689
0.0676413
0.0391553
-0.151988
-0.148338
0.0631729
-0.0859933
-0.00713463
0.113944
0.109022
0.107301
0.110765
0.00499275
0.0655205
0.0687537
0.0424374
-0.173775
-0.105178
-0.0767922
0.126903
-0.0314081
-0.0980946
0.0627367
0.0397003
0.0110319
0.0271074
0.0432269
0.0382741
0.0362694
0.0736748
0.0666403
0.065006
0.0581883
-0.084508
0.0546099
0.0535481
0.0851312
0.0577472
0.0658823
-0.10334
0.0363397
-0.00357885
0.0700519
0.0270462
0.057011
0.0619577

0.0927868
0.156471
0.157732
0.180861
0.179031
0.116486
0.173021
0.165784
0.155064
0.170608
0.11091
0.177726
0.121701
0.148827
0.163461
0.175126
0.166416
0.0971023
0.142013
0.16508
0.14679
0.0372536
0.179813
0.178502
0.179805
0.183897
0.185166
0.183772
0.173439
0.188296
0.152158
0.167855
0.118963
0.148209
0.178534
0.170596
0.125093
0.174762
0.0778901
0.164295
0.173199
0.188398
0.106973
0.0993477
0.163881
0.152067
0.0320346
0.09118
0.167874
0.0506858
0.147445
0.166664
0.16561
0.154326
0.0729786
0.0289191
0.182592
0.171634
0.163225
0.148879
0.0553494
0.100823
0.0760424
0.109777
0.134996
0.100386
0.0986498
0.104109
0.075349
0.0192181
0.0736185
0.165747
0.174694
0.16769
0.167128
0.170116
0.17952
0.117238
0.150053
0.123768
0.168743
0.174332
0.161472
0.0266814
0.176705
0.155109
0.158227
0.180264
0.126039
0.116588
0.168556
0.106156
0.16656
0.16487
0.173162
0.138243
0.0639162
0.154263
0.144617
0.0864121
0.133163
0.0558625
-0.0196298
0.0309341
-0.109324
-0.232796
-0.172548
0.00588452
0.00920362
-0.0678471
-0.0837253
-0.0362904
0.143494
0.155096
0.163087
0.145982
0.145699
0.108132
0.16769
0.174678
0.142208
0.183766
0.173871
0.141401
0.153492
0.184418
0.0966972
0.0660004
0.0405311
0.0623774
-0.0141456
0.157146
0.119654
0.167985
0.103539
0.140992
0.176592
0.162956
0.168697
0.176865
0.111543
0.108675
0.168483
0.133076
0.0972061
0.146319
0.176293
0.17053
0.143684
0.1455
0.0900405
0.121703
0.173828
0.177909
0.184609
0.181159
0.102554
0.173244
0.153715
0.1665
0.045216
-0.0018919
-0.175572
0.0889364
0.0180853
-0.023107
0.0399453
0.0195438
0.0656587
0.0422339
-0.144064
-0.140458
0.0571493
-0.0840128
-0.0097778
0.109603
0.100838
0.107356
0.109448
-0.015619
0.0463658
0.0576003
0.0323731
-0.165857
-0.0828613
-0.106696
0.132973
-0.0240705
-0.111012
0.0569696
0.0414118
0.00735599
0.0355898
0.0446448
0.0327503
0.0154185
0.0660318
0.0657306
0.059335
0.0454556
-0.0979246
0.0429964
0.0552886
0.0790392
0.0575768
0.0645778
-0.102364
0.0471594
0.0114828
0.0694374
0.0335746
0.0496998
0.04936

0.0906536
0.161705
0.15524
0.176015
0.17451
0.121333
0.169591
0.154556
0.151846
0.167023
0.116548
0.178835
0.126846
0.155668
0.167876
0.174053
0.162358
0.102315
0.139099
0.154706
0.156702
0.0555773
0.178068
0.175464
0.174394
0.178402
0.183182
0.177059
0.16677
0.183675
0.157482
0.16963
0.119706
0.137386
0.174365
0.166903
0.121613
0.172462
0.0954918
0.165856
0.173662
0.179563
0.11216
0.132975
0.155583
0.153221
0.0363542
0.109352
0.1575
0.0695287
0.143294
0.157046
0.154015
0.137008
0.0765451
0.0557062
0.175582
0.162905
0.163904
0.144914
0.0390081
0.103001
0.0997435
0.113652
0.137274
0.107211
0.107635
0.107022
0.0939732
0.0380724
0.0888188
0.166182
0.170458
0.162596
0.166626
0.169627
0.17063
0.122579
0.13121
0.11106
0.164486
0.173917
0.154259
0.00754438
0.174831
0.146822
0.151945
0.175847
0.103941
0.130137
0.158566
0.105348
0.154861
0.154743
0.167388
0.136885
0.0775124
0.120223
0.11382
0.0868076
0.123056
0.0370305
0.00429606
0.070437
-0.10757
-0.230742
-0.154714
0.0175295
-0.015403
-0.0629174
-0.0771925
-0.0454713
0.142734
0.155903
0.156855
0.14576
0.131365
0.121874
0.168177
0.168561
0.132325
0.180066
0.160029
0.141814
0.142581
0.177175
0.0930837
0.0651622
0.0512221
0.0633281
-0.0364741
0.152023
0.113482
0.163617
0.11546
0.140038
0.168426
0.146147
0.15753
0.170662
0.118043
0.115783
0.156792
0.129849
0.118512
0.152307
0.179135
0.169585
0.150543
0.131623
0.0903848
0.117393
0.174038
0.170997
0.176705
0.176686
0.106201
0.16076
0.139496
0.15788
0.0556424
0.0151123
-0.195624
0.0891159
0.0354646
-0.0069115
0.0255923
0.0153109
0.0609439
0.0261351
-0.154208
-0.148982
0.0346154
-0.0939207
-0.0104444
0.116175
0.112947
0.109985
0.118656
-0.0130806
0.0586993
0.0498268
0.00581249
-0.160037
-0.13373
-0.111547
0.132742
-0.0167972
-0.100164
0.0631856
0.00789347
-0.00755225
0.0204622
0.0245071
0.0040843
-0.00526573
0.0596799
0.042815
0.0322277
0.0282129
-0.108233
0.0111431
0.0460974
0.0609111
0.0463344
0.064926
-0.0977885
0.0347208
0.0151427
0.064194
0.0237105
0.0561357
0.0423116

0.0770409
0.142157
0.147748
0.177849
0.175167
0.110214
0.167979
0.160067
0.143457
0.159013
0.115328
0.175913
0.120131
0.142505
0.166171
0.170067
0.167767
0.0842893
0.136874
0.137556
0.141976
0.0333715
0.175106
0.175311
0.172514
0.174605
0.178978
0.179139
0.164699
0.18085
0.145662
0.163638
0.111418
0.137165
0.175023
0.170378
0.125752
0.170768
0.088722
0.160272
0.169491
0.180925
0.111287
0.115481
0.160105
0.140778
0.0277962
0.104772
0.158302
0.0350622
0.131854
0.157411
0.154401
0.126706
0.06461
0.0370918
0.179449
0.168758
0.150247
0.144291
0.0362428
0.0929613
0.0761383
0.10893
0.126924
0.092678
0.0941823
0.0928935
0.0922348
-0.0125541
0.0833669
0.155156
0.162365
0.155816
0.156715
0.163182
0.170044
0.0978292
0.124629
0.112672
0.161299
0.164299
0.139741
0.0091906
0.169219
0.150575
0.133897
0.170387
0.0965344
0.116214
0.167053
0.0782828
0.156146
0.152172
0.167789
0.129964
0.0666852
0.126142
0.135416
0.0823458
0.101751
0.0443047
-0.0148273
0.0514087
-0.0918008
-0.219886
-0.169677
-0.0150752
-0.0216923
-0.0697958
-0.0797808
-0.0449364
0.133513
0.156396
0.162784
0.137178
0.131996
0.102902
0.16231
0.173097
0.121576
0.176
0.152976
0.146983
0.140921
0.176545
0.0694954
0.0207857
0.0170753
0.0639272
-0.0451105
0.15664
0.101929
0.172119
0.115948
0.141785
0.171047
0.148364
0.162919
0.161164
0.111001
0.111374
0.155229
0.125447
0.0954022
0.136405
0.177821
0.156552
0.1271
0.118629
0.0752447
0.102465
0.175082
0.169235
0.175789
0.175665
0.0944469
0.161987
0.121526
0.159507
0.0448156
-0.0242828
-0.192202
0.0837619
0.0222529
-0.023849
0.0421983
0.00994921
0.0596502
0.033299
-0.142625
-0.144432
0.0523894
-0.104731
-0.0175423
0.110019
0.106096
0.0899232
0.100751
-0.0117346
0.0441607
0.0426352
0.0127889
-0.171389
-0.120211
-0.116428
0.129137
-0.0367975
-0.115386
0.0560551
0.0134576
-0.0193143
0.0141939
0.0228527
0.0150964
0.0138184
0.0539729
0.0374319
0.0359534
0.0421468
-0.105663
0.0276844
0.0490486
0.0699519
0.0416156
0.0508808
-0.118667
0.0249124
-0.0104693
0.0580839
0.00806061
0.0431673
0.0431057

0.079037
0.149041
0.154092
0.173905
0.170966
0.116923
0.168469
0.154289
0.141103
0.164846
0.111717
0.172897
0.111296
0.147838
0.161552
0.169283
0.164789
0.0876434
0.136274
0.157102
0.148575
0.0346832
0.169526
0.174597
0.167668
0.171307
0.176199
0.177154
0.164149
0.175396
0.150949
0.159696
0.109295
0.141375
0.170311
0.166046
0.121839
0.170506
0.0770694
0.163178
0.167207
0.175859
0.0982497
0.11777
0.161543
0.150683
0.00472759
0.0894433
0.155313
0.0341915
0.141987
0.161181
0.161889
0.141998
0.0683443
0.0537515
0.17146
0.161718
0.16215
0.148926
0.0791525
0.0973782
0.0795848
0.101749
0.130956
0.0961584
0.0960169
0.0964471
0.0746027
0.0468437
0.0697697
0.152731
0.165544
0.15995
0.162057
0.166159
0.172165
0.115908
0.142945
0.125423
0.160498
0.164625
0.152134
0.00899963
0.171752
0.151858
0.156061
0.171641
0.12559
0.121145
0.163416
0.0982675
0.161504
0.149812
0.168131
0.130561
0.0581603
0.135455
0.122948
0.0751017
0.115345
0.0320264
-0.0457707
0.035831
-0.090051
-0.24055
-0.173398
0.0228877
-0.00914671
-0.0675682
-0.0847275
-0.0690695
0.145358
0.157595
0.156328
0.146301
0.137611
0.108921
0.166217
0.166689
0.139326
0.177029
0.163483
0.130032
0.154247
0.173899
0.0997357
0.0588513
0.0584479
0.0648545
-0.0282153
0.15199
0.119008
0.157401
0.10186
0.135487
0.171347
0.149966
0.163512
0.166161
0.106799
0.100529
0.162452
0.124238
0.0904003
0.149323
0.175799
0.163244
0.138637
0.144169
0.0859302
0.0993766
0.169183
0.168043
0.16744
0.171366
0.0928014
0.157766
0.139476
0.159216
0.0193296
0.00928793
-0.164492
0.0906169
0.00515114
-0.00723121
0.0414623
0.0247126
0.0700022
0.0429977
-0.143192
-0.141389
0.0583319
-0.0667127
-0.0194048
0.116575
0.110298
0.114623
0.115533
-0.00631278
0.0646984
0.0650913
0.0141502
-0.17922
-0.108175
-0.0488654
0.114253
-0.0183084
-0.104533
0.0691523
0.0396687
0.0214603
0.040444
0.038999
0.0423367
0.0395801
0.073002
0.0644356
0.0641955
0.0288228
-0.115941
0.0358242
0.0464762
0.0790522
0.0602653
0.063366
-0.0928608
0.0610649
0.0243863
0.0660547
0.0290843
0.0533776
0.0489614

0.0497459
0.129298
0.141468
0.16985
0.160915
0.101691
0.16265
0.158517
0.125506
0.161895
0.103945
0.170851
0.106942
0.145602
0.162648
0.167688
0.154962
0.0772796
0.12141
0.142389
0.142596
0.0261243
0.165754
0.168197
0.167385
0.171325
0.175584
0.172643
0.16274
0.177285
0.14576
0.163494
0.11464
0.131996
0.164426
0.167037
0.106704
0.163409
0.0638491
0.157189
0.16319
0.176696
0.0898204
0.102079
0.140776
0.139016
0.0163067
0.0930141
0.150751
0.0286879
0.1307
0.143088
0.152239
0.120674
0.0699428
0.0520491
0.174531
0.150725
0.150592
0.14034
0.0315789
0.0931617
0.0642202
0.106221
0.115193
0.0843098
0.08416
0.0846773
0.0685288
0.0134574
0.0631664
0.152913
0.160736
0.147286
0.156523
0.15283
0.167595
0.0875075
0.127844
0.106337
0.154249
0.15598
0.144435
0.00678274
0.161468
0.14888
0.14337
0.170542
0.107421
0.112657
0.163078
0.082813
0.163457
0.152884
0.163054
0.12053
0.0781571
0.129668
0.123811
0.0824674
0.12179
0.0391132
-0.0317851
0.0523326
-0.0973223
-0.220775
-0.156782
0.0274727
0.010251
-0.0438088
-0.0562074
-0.0328613
0.121311
0.140868
0.143764
0.134735
0.112776
0.0952777
0.152448
0.166827
0.124034
0.170732
0.143368
0.143936
0.140661
0.166247
0.0662355
0.0138156
0.0174316
0.0784699
-0.0350491
0.129662
0.0920756
0.145211
0.108447
0.13124
0.16827
0.133744
0.156535
0.155957
0.107392
0.0937368
0.152629
0.121192
0.0850675
0.137107
0.1702
0.159925
0.140715
0.122231
0.0557304
0.104973
0.166313
0.165088
0.169439
0.166911
0.0839889
0.15323
0.123945
0.156345
0.0259035
0.00702721
-0.180333
0.0788843
0.0446832
0.012725
0.0432223
0.0208039
0.0639858
0.0452595
-0.160903
-0.154346
0.0430995
-0.124208
-0.010884
0.10675
0.0886248
0.0897839
0.0956244
-0.00748079
0.0399466
0.0488785
0.0195555
-0.17556
-0.0952027
-0.0861079
0.130645
-0.0385146
-0.103993
0.0476483
0.0322744
0.0226776
0.0191738
0.0236046
0.0138118
0.0071606
0.0592353
0.05143
0.0489157
0.0353275
-0.0896894
0.0407363
0.0421523
0.073866
0.0476266
0.0518285
-0.111097
0.0436378
0.00395742
0.0499331
0.0160502
0.047847
0.0382816

0.058372
0.15324
0.15271
0.176088
0.173704
0.102457
0.168748
0.16332
0.14688
0.158314
0.110507
0.174791
0.110865
0.139922
0.166133
0.171599
0.162811
0.0871989
0.135115
0.152208
0.145234
0.0291341
0.174442
0.17921
0.174241
0.175221
0.181947
0.178538
0.16576
0.181017
0.143639
0.169323
0.117175
0.136926
0.174768
0.169489
0.123937
0.175943
0.0778409
0.170395
0.165126
0.18298
0.0947123
0.110542
0.15835
0.141406
0.0156762
0.0966471
0.157453
0.0216256
0.138455
0.162085
0.153001
0.138029
0.0635605
0.033553
0.175186
0.154396
0.147448
0.150365
0.0721496
0.0836389
0.0773048
0.095722
0.127396
0.0902799
0.0878067
0.0931714
0.0700627
0.027813
0.0676055
0.160494
0.173524
0.159919
0.165407
0.169106
0.176221
0.109797
0.143472
0.127114
0.16431
0.174165
0.150678
0.00776557
0.171791
0.143507
0.151116
0.178206
0.118105
0.118793
0.16224
0.0995199
0.158623
0.15765
0.172498
0.134724
0.0730576
0.132131
0.131737
0.0936931
0.130058
0.0434943
-0.0165968
0.0412386
-0.0871099
-0.22275
-0.163425
0.0163825
0.0114967
-0.05482
-0.0636899
-0.0322101
0.130569
0.142664
0.155455
0.136953
0.13846
0.105101
0.170228
0.167099
0.126664
0.180307
0.169583
0.133945
0.148123
0.176861
0.0825815
0.0490551
0.0327038
0.0597456
-0.0308382
0.145476
0.0927211
0.151459
0.106854
0.124279
0.173287
0.148673
0.165995
0.178261
0.122485
0.108393
0.164857
0.130775
0.0750789
0.154091
0.182525
0.161913
0.150976
0.140326
0.0874826
0.114184
0.177751
0.177719
0.170518
0.174651
0.100232
0.165908
0.137017
0.164162
0.0386888
-0.0148168
-0.167717
0.100465
0.0368215
0.0221977
0.0442753
0.0262931
0.0700716
0.0437885
-0.144535
-0.1463
0.0505089
-0.0858243
-0.0235893
0.118285
0.114873
0.107617
0.119045
0.00898121
0.0562833
0.057125
0.0346843
-0.154044
-0.123809
-0.083341
0.130939
-0.0156345
-0.0944629
0.0605827
0.0346415
0.0104493
0.0204289
0.025542
0.0184831
0.0237714
0.0672595
0.0470417
0.0432176
0.0377992
-0.0966632
0.0430851
0.0571688
0.0862013
0.0575307
0.0692525
-0.105545
0.0336821
0.00581731
0.0682641
0.0211011
0.0628279
0.0566743

0.0718898
0.15117
0.136613
0.177759
0.17508
0.101363
0.174158
0.162034
0.149563
0.165785
0.09764
0.17951
0.0988372
0.14405
0.164259
0.168838
0.165123
0.0989849
0.137979
0.159008
0.150466
0.0227637
0.178766
0.179939
0.1728
0.178293
0.182682
0.181104
0.163642
0.182471
0.146567
0.166078
0.114484
0.138456
0.173536
0.167086
0.129186
0.172179
0.0863512
0.168377
0.160133
0.176058
0.112791
0.101183
0.159661
0.147119
0.0190088
0.115658
0.155339
0.0518201
0.140789
0.162018
0.156599
0.14417
0.0776909
0.0349176
0.182179
0.165894
0.160931
0.14617
0.0484124
0.100114
0.0848686
0.11371
0.126197
0.107366
0.106538
0.108234
0.1006
0.017226
0.0621433
0.151364
0.163258
0.153028
0.159589
0.170121
0.173553
0.105367
0.144006
0.124619
0.156158
0.173906
0.155627
0.0165071
0.168136
0.142517
0.155692
0.173253
0.122972
0.115965
0.160331
0.0875535
0.152258
0.151871
0.162946
0.136306
0.0835374
0.138012
0.13663
0.0750835
0.122907
0.0440362
-0.0273977
0.0441434
-0.0979504
-0.227504
-0.169521
0.0252398
0.0111463
-0.0615579
-0.0797521
-0.0551811
0.135808
0.160718
0.16025
0.145743
0.129261
0.0711557
0.164619
0.170563
0.131617
0.175536
0.159937
0.136211
0.146333
0.176737
0.0822557
0.0377065
0.0468022
0.0732137
-0.0321876
0.162097
0.114871
0.164535
0.0907138
0.147719
0.172893
0.149685
0.157982
0.16616
0.123599
0.0807376
0.16311
0.124212
0.0879734
0.14593
0.171497
0.166525
0.15105
0.133851
0.0885025
0.12464
0.170251
0.172973
0.170611
0.172852
0.10481
0.164364
0.143774
0.156885
0.0558325
-0.0103019
-0.18817
0.0876374
0.0566753
0.0115652
0.0688542
0.0414878
0.0737134
0.059904
-0.143544
-0.129307
0.07461
-0.108175
-0.0107546
0.100847
0.103561
0.0960326
0.106113
-0.0213455
0.0525746
0.0573266
0.0200619
-0.17181
-0.123796
-0.0876519
0.108198
-0.0370222
-0.0873487
0.057605
0.0314117
0.0182456
0.0175057
0.0284135
0.0254276
0.0258445
0.0625276
0.0544142
0.057834
0.0291937
-0.092593
0.0315302
0.0422791
0.0724792
0.0483324
0.0544848
-0.11283
0.0437076
0.0100421
0.0594818
0.0334119
0.0537926
0.0453417

0.0824534
0.159708
0.151338
0.175271
0.174384
0.102347
0.168591
0.154878
0.150207
0.162634
0.0892005
0.17443
0.0971955
0.13739
0.156139
0.168732
0.15554
0.0931576
0.144104
0.14198
0.14093
0.0592006
0.175674
0.175797
0.167603
0.175574
0.177675
0.175062
0.15734
0.180915
0.137046
0.159776
0.109499
0.127763
0.165571
0.164845
0.125749
0.167202
0.0862427
0.158017
0.160999
0.178565
0.106994
0.0959077
0.152133
0.142374
0.0222586
0.108172
0.158005
0.049687
0.14158
0.159548
0.158358
0.139095
0.0677566
0.0204987
0.178792
0.168013
0.159565
0.152708
0.0736727
0.100198
0.0769054
0.105969
0.134722
0.105417
0.102955
0.104395
0.0820278
0.0417814
0.070047
0.153772
0.163284
0.152807
0.159895
0.16413
0.174645
0.123998
0.131744
0.106979
0.154987
0.168828
0.146053
0.00056074
0.171023
0.151458
0.149054
0.177089
0.107509
0.114558
0.163573
0.085211
0.161798
0.148904
0.163522
0.138125
0.0481105
0.118568
0.145993
0.0819466
0.10872
0.0332953
-0.0191032
0.0570482
-0.100304
-0.213482
-0.162901
0.0305619
0.0153248
-0.0524239
-0.0662898
-0.0404522
0.140215
0.153128
0.165077
0.149837
0.124636
0.0895605
0.166661
0.171562
0.119874
0.174999
0.151392
0.137199
0.138955
0.176869
0.0676416
0.0528028
0.0390662
0.0647717
-0.0254061
0.152453
0.108185
0.170661
0.101123
0.142367
0.166752
0.150876
0.156429
0.158454
0.12186
0.0949969
0.151042
0.110537
0.073442
0.157602
0.175021
0.16421
0.138444
0.116598
0.0803024
0.12447
0.172773
0.164835
0.169965
0.168142
0.118113
0.154674
0.125523
0.156011
0.0531678
-0.0265506
-0.16986
0.0946347
0.0362142
0.0139098
0.0540896
0.000934286
0.0777149
0.0376776
-0.166723
-0.162529
0.0450154
-0.0916121
-0.00775224
0.119529
0.123217
0.112833
0.118479
0.00202383
0.0758255
0.0680173
0.0441296
-0.164573
-0.0978877
-0.0858878
0.11867
-0.0025307
-0.0977533
0.0701996
0.042895
0.0105214
0.0208228
0.0299485
0.0213202
0.0368805
0.07745
0.057639
0.0697186
0.055665
-0.112711
0.0512561
0.056364
0.0846089
0.0633431
0.0627736
-0.106723
0.0450576
-0.00771393
0.0688215
0.0332074
0.0563536
0.059182

