0.0299963
-0.00529755
0.0623523
-0.0173634
0.00906255
0.0355632
0.000415165
0.0761371
-0.0381486
-0.00873446
-0.0638715
-0.0123394
0.0342087
0.0540889
0.0409127
0.0682176
0.0764626
-0.00901113
0.0556644
0.0126486
-0.0522707
0.0438356
0.0146203
0.070238
-0.0799831
0.0234517
0.0445861
0.0337225
0.0754394
-0.00229988
0.0578008
0.0699091
0.0909833
0.0662
0.0720969
0.0533718
0.0923223
0.107854
0.0534561
0.0914424
0.0577339
0.0919985
0.0903811
0.0694883
0.0730238
0.0627446
-0.0303813
-0.00840258
0.091015
0.0139114
0.0197517
0.0630212
0.0815561
0.101887
0.0662632
0.0750868
0.0419604
0.103705
0.0998345
0.0815206
0.0438138
-0.0378298
0.0866038
0.0203659
0.0671568
0.0863089
0.0140705
0.0794234
0.0897673
0.0158029
0.067462
0.0624185
-0.128816
0.00907549
0.0210853
-0.031325
0.0937804
0.0700247
0.0281461
0.082741
0.0701075
0.0313062
0.0699719
0.0353058
0.0493727
0.0411805
0.0695508
0.0209082
0.0182337
0.0649723
0.0711152
0.0784631
0.0471824
0.0597663
0.0589742
0.033788
0.0695919
-0.045717
0.0596411
0.0832
0.0309058
-0.0105795
0.0265068
0.0176004
0.0348408
0.0380341
0.0178754
0.0530207
0.0237235
-0.0659359
0.00539597
0.067592
0.0736027
0.0843774
0.0912165
0.0637452
0.0416937
0.0422181
0.0731692
0.0541167
-0.00196813
0.0670766
0.0399461
0.0629267
0.044902
0.0861782
0.0274072
0.0467611
0.0213368

0.0144185
-0.0399881
0.0538766
-0.0273281
0.00115131
0.0349067
0.00775296
0.06075
-0.0388834
-7.7244e-05
-0.0673442
0.0192809
0.0524124
0.0616661
0.0575467
0.0613916
0.0752634
0.00393762
0.0662981
0.00674431
-0.0206949
0.0529756
0.0195815
0.0850459
-0.0570888
0.0348588
0.0424982
0.0526587
0.0824451
-0.0172457
0.0671942
0.063478
0.116873
0.083477
0.0833423
0.065637
0.115309
0.110441
0.0684666
0.106435
0.0674525
0.098319
0.104836
0.0802634
0.0627794
0.0514286
0.0032846
-0.0242213
0.0978746
0.0253813
0.0234873
0.091611
0.0997418
0.108445
0.0895952
0.109837
0.0535988
0.112542
0.1075
0.0858461
0.0440811
-0.0117112
0.0838078
0.0222831
0.0768736
0.0836733
-0.00154901
0.0938227
0.0940575
0.0495386
0.0728687
0.0687208
-0.142003
0.0492738
0.0332188
-0.000521561
0.114131
0.080225
0.0401895
0.0973409
0.0936356
0.028711
0.0882281
0.0536298
0.0684048
0.0703991
0.069157
0.0396927
0.029747
0.082235
0.0818318
0.0844116
0.06569
0.0590689
0.0826575
0.0308651
0.0623615
-0.023994
0.0712011
0.102415
0.0524937
-0.00252401
0.0267654
0.00729728
0.0329448
0.0513307
0.0507798
0.0750687
0.0138119
-0.0586309
0.0015184
0.0722503
0.0822531
0.0840443
0.0991568
0.0785788
0.0641787
0.0640037
0.0892546
0.0605609
0.0245099
0.0657658
0.0363505
0.065049
0.0415143
0.102194
0.032574
0.0603332
0.0313943

0.0230777
-0.0133012
0.0660568
-0.00748631
0.00599168
0.0409999
-0.00327523
0.0715142
-0.0281582
0.0115438
-0.0408966
0.0225649
0.0386968
0.0652506
0.0249326
0.0636219
0.0769426
-0.0103184
0.0617619
0.011212
-0.026974
0.0503337
0.0231832
0.0975558
-0.0497199
0.0455199
0.0615865
0.0370568
0.0826238
0.00598539
0.0472945
0.064048
0.101717
0.0727885
0.0866607
0.0661175
0.0991968
0.106594
0.0709322
0.10898
0.0627842
0.0960956
0.0996312
0.0850234
0.0717525
0.0476524
-0.0161072
0.00938904
0.0916392
-0.0029028
0.0204134
0.0771844
0.0904082
0.108466
0.0915045
0.100837
0.0460011
0.0988411
0.110514
0.0862388
0.0685746
-0.0420896
0.0906871
0.0340899
0.0681419
0.0991764
-0.0242467
0.103092
0.0999084
0.0533442
0.0603239
0.0723739
-0.125334
0.02118
0.0403357
-0.0189557
0.104414
0.0704254
0.0139383
0.0956661
0.0869632
0.0625521
0.0969571
0.0795071
0.0711583
0.0536682
0.0724563
0.0396709
0.039187
0.0876651
0.0842595
0.0955181
0.0758793
0.0775979
0.0819944
0.0292719
0.0772976
-0.0372023
0.0802897
0.111498
0.0576051
0.0291717
0.0302755
0.0203928
0.036505
0.0640915
0.0344763
0.0730537
0.00488815
-0.0735545
-0.00419032
0.0728718
0.0869603
0.097327
0.11022
0.0904955
0.0620213
0.0560987
0.106104
0.0710297
0.028062
0.0973162
0.0662753
0.0754695
0.0630335
0.0865874
0.0532462
0.0809859
0.0297376

0.0170005
0.013517
0.0503312
-0.0101888
0.00570325
0.030908
-0.00492041
0.0525432
-0.013794
0.0108852
-0.0530676
0.00734345
0.0532932
0.0644617
0.0455048
0.0731289
0.0719574
-0.0179154
0.0645668
0.0276428
-0.0417203
0.0519206
0.0147561
0.0883198
-0.0645615
0.0380381
0.0531613
0.042152
0.101123
0.00915333
0.0644807
0.0649012
0.0997989
0.0836667
0.0558679
0.0488584
0.0962734
0.100007
0.0507454
0.101825
0.0654625
0.0930697
0.0975884
0.0603129
0.0688766
0.0554105
-0.0255639
0.0364191
0.0841937
0.0232638
0.0140918
0.0695186
0.0856016
0.10035
0.0926679
0.101183
0.0328428
0.111886
0.105394
0.0877869
0.0406853
-0.0515739
0.0864642
0.0340889
0.0733928
0.0809935
-0.0304073
0.10451
0.108974
0.0457522
0.0781259
0.0565835
-0.121775
0.0341658
0.0225671
-0.0223345
0.0903276
0.0808407
0.0165244
0.100079
0.088456
0.034947
0.0886994
0.0638191
0.065609
0.0585301
0.0752605
0.0238342
0.00476938
0.0726429
0.085962
0.0783936
0.0610451
0.053454
0.0656651
0.0210547
0.0772293
-0.0233254
0.0772515
0.111156
0.0474832
0.017518
0.0429873
0.0180141
0.022989
0.0478836
0.0343489
0.0682994
0.0214729
-0.0688176
-0.020107
0.0697109
0.0929017
0.0682919
0.107986
0.0870698
0.0666376
0.0497904
0.0789473
0.0621171
0.0105172
0.0824332
0.0509929
0.085508
0.0489717
0.0974134
0.0325092
0.0512074
0.0348097

0.026061
0.000796534
0.0508932
-0.0132862
-0.000154665
0.0357688
0.00694195
0.0762051
-0.037459
-0.00204958
-0.0383646
0.0307625
0.0433155
0.0548594
0.0390243
0.061238
0.0969247
0.0104085
0.0552845
0.0167537
-0.0378266
0.0487641
-0.00170551
0.0821406
-0.0680252
0.016671
0.0705558
0.0689275
0.0848789
0.00619761
0.0722343
0.0611711
0.0994614
0.083328
0.0881559
0.0619868
0.110432
0.109821
0.072608
0.119669
0.068907
0.101698
0.100515
0.0921966
0.0671696
0.053647
-0.0332
0.00325841
0.100566
0.0228556
0.0245857
0.0808312
0.100301
0.116061
0.108162
0.0960724
0.0625154
0.109305
0.112527
0.0980308
0.0668193
-0.0298673
0.104066
0.0274337
0.090982
0.103047
-0.0334249
0.101962
0.113682
0.0579489
0.0679865
0.0747807
-0.12748
0.0439371
0.0225569
-0.00892086
0.110519
0.0965524
0.0348756
0.106861
0.105957
0.0421051
0.0803456
0.0681794
0.0616402
0.0664137
0.0802857
0.0382346
0.0350947
0.07266
0.0843038
0.0771272
0.0595087
0.0662602
0.0724405
0.0160232
0.0632266
-0.0390527
0.0711271
0.106083
0.0541754
0.018808
0.0343741
0.0327755
0.0539537
0.0555812
0.0562163
0.0816091
0.0307504
-0.0729234
0.0166916
0.0740218
0.084254
0.0869836
0.0979856
0.0741253
0.0577796
0.0646202
0.0845497
0.0725382
0.0148405
0.0696364
0.045571
0.0758123
0.0528094
0.0953667
0.0495915
0.0558975
0.0348432

0.0271466
-0.00105137
0.0473021
-0.0161353
-0.0180366
0.0237929
-0.0129199
0.0608239
-0.0566399
-0.00744651
-0.0611534
0.0180632
0.0586507
0.0589369
0.0494538
0.064435
0.0926832
-0.013415
0.0699373
0.0435026
-0.0371972
0.0646775
0.0160531
0.081167
-0.0643031
0.0235502
0.0542738
0.0390018
0.0839001
-0.00220357
0.0536849
0.0764461
0.0917237
0.0740469
0.0877958
0.0732827
0.105296
0.104342
0.0486965
0.100124
0.0643326
0.0905787
0.101187
0.0922509
0.0466869
0.0520851
-0.0119164
0.0202706
0.077947
0.0242448
-0.000754915
0.0651239
0.0963508
0.0953416
0.0962386
0.0827022
0.0447011
0.100476
0.104539
0.0870462
0.0500503
-0.0473365
0.0833318
0.0283251
0.0807853
0.0872543
-0.0199091
0.100916
0.0917279
0.0342387
0.0669607
0.0427449
-0.103939
0.022693
0.000749301
-0.0183748
0.0855265
0.0649464
0.054501
0.087626
0.0768654
0.0457722
0.076242
0.0488401
0.0674004
0.0640172
0.0612587
0.0223658
0.020603
0.0671676
0.0932346
0.084347
0.0646605
0.0520806
0.0633098
0.0419081
0.0620861
-0.0541299
0.0521483
0.0890985
0.0538656
0.00945694
0.0260472
0.0130167
0.0307962
0.0611428
0.0221744
0.0508975
0.0200586
-0.0563791
0.00818575
0.0703859
0.0704397
0.0884019
0.0872463
0.0597735
0.0415825
0.0393056
0.06598
0.0508401
0.0176009
0.0667345
0.0323722
0.0440954
0.0343355
0.0720608
0.0286813
0.0527893
0.0152673

0.0269275
0.0176669
0.0485212
-0.0174644
-0.00723282
0.0402051
-0.00909755
0.0575437
-0.01904
0.0141373
-0.0676678
0.0230947
0.0290376
0.0628495
0.0493001
0.0649778
0.0774099
-0.00391141
0.0359926
0.0159579
-0.0247003
0.0509904
0.0159296
0.0800428
-0.0984398
0.0244195
0.0563207
0.0428419
0.0827395
0.0195084
0.0556625
0.0585701
0.102761
0.0593872
0.0858047
0.0459718
0.106474
0.0852454
0.0444953
0.105384
0.0572823
0.0980292
0.103302
0.0830287
0.0660344
0.0520169
-0.0312531
0.0241297
0.104762
0.0508582
0.0229301
0.063801
0.0927842
0.087555
0.0885474
0.0717856
0.0438208
0.0943669
0.108745
0.0840177
0.030581
-0.0502725
0.0844144
0.0364377
0.0777665
0.0768696
-0.0243207
0.0877637
0.104305
0.033356
0.0850185
0.053226
-0.140707
0.0281841
0.00936987
-0.0286196
0.0948564
0.0746667
0.0345197
0.088145
0.0862291
0.0570352
0.078719
0.0567321
0.0703588
0.0680511
0.0806445
0.0311056
0.0224228
0.0953825
0.0809866
0.0957739
0.0509202
0.0702621
0.0738388
0.0160362
0.08244
-0.0278497
0.0766004
0.0982022
0.0490023
0.0212924
0.0233549
0.0123303
0.04749
0.0564025
0.0620647
0.0657537
-0.00764912
-0.0588261
0.000533172
0.0610946
0.0810319
0.0996975
0.100212
0.0847581
0.0698751
0.0545586
0.0914776
0.0506942
0.0180192
0.0789436
0.0519033
0.0776001
0.0410917
0.0859122
0.0498211
0.0466738
0.0338879

0.00927292
-0.023585
0.0511901
-0.0275438
0.0197575
0.0264027
-0.0224554
0.0537752
-0.0311081
-0.0226602
-0.0335953
0.0259196
0.0495536
0.0680868
0.0309291
0.0619997
0.0781825
-0.00394337
0.0590862
0.0156552
-0.0504478
0.0482665
0.0128589
0.090636
-0.0658577
0.0103986
0.0628961
0.0367477
0.0825337
-0.0107285
0.0432719
0.0682354
0.10166
0.071983
0.0662853
0.0582465
0.103131
0.0942919
0.0601816
0.106188
0.0827768
0.100341
0.106264
0.0917013
0.0674379
0.0483569
-0.01116
0.0169803
0.0822545
0.0234119
0.010327
0.0581546
0.088309
0.0923143
0.0958504
0.0855236
0.0391092
0.0997774
0.106643
0.0904382
0.0388917
-0.0402527
0.0894562
0.0218552
0.0868952
0.0869992
7.2213e-05
0.101319
0.0992774
0.0510791
0.0628562
0.0506649
-0.108041
0.0270122
-0.00788756
-0.0479665
0.0826811
0.0703119
0.0308845
0.0887293
0.0708271
0.0473655
0.0684688
0.0433262
0.0634812
0.0614648
0.0619578
0.0287229
0.037213
0.0843054
0.0777954
0.0824438
0.047201
0.0569744
0.0790756
0.0168113
0.0706067
-0.0238287
0.0638156
0.0997399
0.0416651
0.00115329
0.00632009
0.0123756
0.0278434
0.0528005
0.0395272
0.0561521
0.0100951
-0.0814822
0.00195643
0.0668916
0.0849588
0.0913641
0.0905791
0.0603837
0.0434875
0.0395201
0.0741061
0.0519016
0.0146913
0.0739158
0.0325955
0.0584252
0.0303388
0.0788732
0.0362684
0.0464193
0.0261747

0.0326643
0.0228809
0.0753718
-0.0159165
0.00126008
0.0592001
-0.0100574
0.072534
-0.0387309
0.0159616
-0.0493053
0.0211712
0.0641227
0.055928
0.0712459
0.0648175
0.0958454
-0.0118422
0.0622029
0.0221619
-0.0380688
0.0536409
0.0185723
0.0968217
-0.0576035
0.0337634
0.0684296
0.0318533
0.0932744
0.00332285
0.0622882
0.074304
0.108857
0.0906895
0.0728908
0.0752455
0.112558
0.104737
0.0719551
0.114676
0.0658316
0.0974126
0.103902
0.0878938
0.073378
0.0758954
-0.0278121
0.018007
0.0992745
0.0476625
0.0288007
0.0881132
0.0954442
0.0979279
0.0990954
0.0893247
0.0354357
0.113989
0.10735
0.0970825
0.0661693
-0.0296867
0.102274
0.0384227
0.0845365
0.104815
-0.00986778
0.103117
0.107694
0.0365064
0.0734689
0.061181
-0.114785
0.0275371
0.0249584
-0.0176187
0.110012
0.0879963
0.0511466
0.100232
0.0766441
0.0285809
0.0806775
0.0533182
0.0610623
0.0679581
0.0845166
0.023755
0.0467383
0.0776289
0.0709981
0.0921434
0.0708979
0.076396
0.0788571
0.033875
0.0661496
-0.0574221
0.0654638
0.101953
0.0420995
0.000875684
0.0207032
0.0225659
0.0383626
0.0740802
0.0358724
0.061682
0.0461868
-0.0508228
0.0125725
0.0809432
0.0724189
0.0939888
0.105949
0.0721096
0.0580827
0.0602
0.0820121
0.0792659
0.0276039
0.0840712
0.0577531
0.0599014
0.0538034
0.0956979
0.0293155
0.0504064
0.0158396

0.0495134
0.00935965
0.0737298
-0.00942801
-0.00187032
0.0370505
-0.00524056
0.0775688
-0.0187886
0.0291813
-0.0846242
0.0388158
0.069511
0.0756837
0.0547662
0.066774
0.0904416
-0.00619994
0.067054
0.0229188
-0.0471856
0.0684601
0.030683
0.0955411
-0.0880469
0.0263066
0.0743096
0.0521357
0.0749966
0.0028056
0.0457069
0.062268
0.106767
0.0696701
0.0778568
0.0677098
0.118302
0.110801
0.0553769
0.117474
0.0517111
0.106119
0.108963
0.0852585
0.0773103
0.0760973
-0.0339549
0.00683087
0.113144
0.0198904
0.00925277
0.0761685
0.101076
0.103193
0.102514
0.0964819
0.0609433
0.107197
0.11036
0.0874805
0.0646866
-0.0267579
0.0867085
0.0389452
0.0711736
0.0973834
-0.0266266
0.100106
0.106112
0.0614087
0.0707286
0.0654146
-0.130277
0.0286483
0.0163173
-0.0204565
0.0997908
0.08747
0.0416778
0.0874379
0.0899513
0.0525399
0.0932417
0.0732493
0.073784
0.070064
0.081399
0.0401755
0.0316463
0.0846642
0.0761365
0.08713
0.0759852
0.0800062
0.0785992
0.0287687
0.0644485
-0.0178385
0.0647104
0.0960172
0.050081
-0.00182875
0.0260172
0.0343973
0.0399192
0.0664976
0.0393349
0.0661877
0.0301242
-0.060534
-0.00791234
0.0854923
0.0909354
0.0942747
0.100665
0.0716738
0.0643469
0.0543279
0.0879299
0.0726239
0.00997242
0.0859694
0.0575079
0.0636967
0.0467676
0.0808686
0.0281285
0.0516252
0.0296684

