-0.126753
-0.0978504
-0.214885
-0.159718
-0.160793
-0.196178
0.0452717
0.0370306
0.0177752
0.0170756
-0.0298939
-0.00486055
0.00481913
0.0130342
0.0895577
0.0565375
0.0425735
0.0297454
0.0160205
0.0149827
0.0237
0.0537832
-0.021262
-0.00753751
0.0535277
-0.0027508
0.000756232
0.00938292
-0.0346717
-0.115793
0.00854279
0.0219525
-0.00846579
-0.0608142
-0.0458269
-0.0115174
0.0155794
0.0391048
-0.00828379
-0.0130489
0.0659081
0.00342092
0.0794575
-0.0211238
0.00723682
0.000816663
-0.0352104
-0.0338106
-0.0102084
0.0689743
0.0518792
-0.0219464
-0.02233
-0.0585508
0.0277091
0.00486078
-0.00456203
0.01665
0.0395783
0.0488098
0.0161032
0.00233888
0.0220254
0.0599028
-0.0263712
0.0639208
-0.0130519
0.0128322
0.0117826
0.00894835
0.0391332
-0.0817065
0.0117563
0.025909
0.050813
0.0648965
0.0619065
-0.0322401
0.0417258
0.0400143
-0.0665397
0.0394795
0.0462189
0.0840694
-0.0665697
0.0255625
0.016761
-0.017464
-0.10686
-0.024314
0.0225243
0.0261012
0.00814166
0.0607834
0.00587941
-0.0953543
0.0124311
0.0449103
0.020647
0.0386507
0.0456603
0.077401
0.0313903
0.0504711
0.00393008
0.0357525
-0.0878364
0.0725536
0.0109382
0.0210804
0.0660791
-0.108831
-0.0199506
0.00178849
-0.0924936
0.00757852
0.00422401
0.0507733
0.0248758
0.0185513
-0.0103142
0.0265639
0.0580729
0.0612555
-0.0691168
0.0361521
0.0646042
-0.0792813
0.0246528
0.0687322
0.0503924
0.0137696
-0.00721214
0.0144647
0.0310558
-0.0162856
0.043664
-0.020811
0.0269619
0.0315001
0.00820278
0.00215162
-0.0650555
0.0148274
0.0356849
0.0143458
0.041303
0.0701764

-0.112007
-0.106754
-0.185019
-0.131835
-0.155309
-0.17642
0.0454803
0.0345794
0.0219703
0.0174882
-0.0380029
-0.0200662
0.00695576
0.0025303
0.0860246
0.042376
0.0304371
0.0198685
0.00478042
0.0263102
0.0214037
0.0476054
-0.0154027
-0.0107942
0.0643488
-0.00619808
-0.0149382
-0.0205849
-0.0581156
-0.0938038
-0.0106893
-0.0196741
-0.00600213
-0.0472104
-0.0429021
-0.0287392
-0.00285504
0.0384451
-0.0160863
-0.0220291
0.0530923
-0.0100476
0.0724287
-0.0210621
-0.00422644
-0.0098812
-0.0242827
-0.0434629
-0.0327687
0.0769034
0.0577921
-0.00593169
-0.0477249
-0.060105
0.021232
0.00223051
0.00217301
0.0192976
0.0230149
0.0433727
0.0126043
-0.0347542
0.00867849
0.0515898
-0.0337737
0.0732924
-0.00132436
0.0128667
0.00541664
0.00298969
0.0314243
-0.0975794
0.0187307
0.0185368
0.039715
0.0600028
0.0596044
-0.0350278
0.0338573
0.0394434
-0.0631385
0.0325236
0.0273333
0.0833412
-0.0499693
0.0213223
0.0149347
-0.0185329
-0.0916583
-0.0219237
0.0210729
0.027989
0.00314195
0.0536424
0.00307765
-0.10204
-0.000802088
0.0367205
0.0110421
0.0340658
0.0337046
0.0661796
0.0276698
0.0570271
0.0127729
0.0303726
-0.0820718
0.0715578
0.011128
0.00760977
0.0619679
-0.102066
-0.0143073
-0.00787413
-0.10097
0.0118613
0.00611004
0.0347462
0.0183178
0.0282067
-0.0185159
0.0261715
0.0497421
0.0598361
-0.0510236
0.0248458
0.0526012
-0.0844494
0.0460606
0.0631938
0.0381
0.0069426
-0.00574065
0.0084783
0.0283815
-0.0148679
0.0378795
-0.0178191
0.0178576
0.0291108
-0.00139116
0.0138473
-0.0638411
-0.00950557
0.0253578
0.0102715
0.028906
0.0706422

-0.142782
-0.104996
-0.204668
-0.158117
-0.144632
-0.196705
0.0382085
0.0413809
0.0234795
0.00339208
-0.0252702
-0.0140493
0.00470161
0.019336
0.08793
0.04718
0.0407578
0.0441465
0.0219157
0.0219733
0.0281236
0.0516167
-0.0203191
-0.0107731
0.0661902
-0.00802517
-0.0164651
0.000867931
-0.0304152
-0.108321
-0.00174802
0.000837946
-0.0158157
-0.0470953
-0.0530672
-0.00775702
-0.000332881
0.0427749
-0.00658359
-0.0343408
0.0615292
0.00932636
0.0827788
-0.0298453
0.00592261
-0.00657757
-0.0305624
-0.0307641
-0.00813665
0.0737716
0.0574953
-0.00959157
-0.037283
-0.0757082
0.0306917
0.00944774
-0.00754728
0.0246115
0.0309301
0.0589084
0.00823065
-0.0206678
0.00892765
0.0616292
-0.0297537
0.0681024
-0.00817881
0.0227112
-0.0073491
0.0065742
0.0399863
-0.0869392
0.0227167
0.00867203
0.0497374
0.066889
0.0572782
-0.0326557
0.0388529
0.0415446
-0.0518311
0.0461601
0.0405492
0.089649
-0.0647069
0.0362726
0.0159083
-0.0166572
-0.0953259
-0.0166821
0.0154082
0.0269944
0.0109607
0.0649804
-0.00621324
-0.0977786
0.0182614
0.0446058
0.0388317
0.0460956
0.0344178
0.0803449
0.0352207
0.0564148
0.0278984
0.0405831
-0.0818666
0.0763295
0.00445468
0.0258455
0.0743843
-0.0983975
-0.00263167
0.0114715
-0.11036
0.029216
0.0129131
0.0464995
0.0214584
0.0300605
-0.00477752
0.0373831
0.0472417
0.0670812
-0.0588743
0.0322727
0.055964
-0.0778609
0.0445911
0.0795208
0.0352552
0.0120523
-0.00225814
0.0247369
0.0319291
0.00222669
0.0509676
-0.0181661
-0.000847174
0.0336502
0.00747093
0.0144748
-0.0774242
0.0126461
0.0173881
0.0289822
0.025665
0.0728184

-0.135786
-0.104427
-0.196784
-0.137122
-0.139512
-0.172843
0.0334454
0.03852
0.0212103
0.00735965
-0.0306172
-0.0058591
0.0090929
0.00463927
0.091044
0.0539884
0.0364234
0.0417751
0.00322171
0.0148903
0.0184611
0.0427643
-0.0397155
-0.00961041
0.0534687
-0.0121546
-0.0143496
-0.00788085
-0.0265697
-0.111456
-0.000310288
-0.00526068
-0.00553087
-0.0488577
-0.0530653
-0.0213536
-0.0102914
0.0333457
-0.00191498
-0.0318957
0.0447027
0.00399062
0.0828616
-0.0295692
0.00157294
-0.00890545
-0.044991
-0.0387361
-0.0117859
0.0670388
0.0534418
-0.0243049
-0.0364683
-0.0581608
0.0303017
-0.0106664
-0.00879527
0.022326
0.0363317
0.0477938
0.0072562
-0.00342931
-0.00179184
0.0584806
-0.0329338
0.0609554
-0.0223942
0.0164095
0.00980301
0.0141175
0.0398911
-0.074261
0.0106287
0.0117204
0.0293442
0.0627721
0.0591936
-0.0467472
0.0355352
0.0393608
-0.0577283
0.0182816
0.0269606
0.0877181
-0.0669331
0.0195093
0.00902803
-0.0230166
-0.0898961
-0.0146213
0.018007
0.0143749
0.00453697
0.0522259
-0.00451934
-0.0857068
0.0240375
0.03048
0.018649
0.0369961
0.0359484
0.076959
0.0293605
0.0382412
0.0144873
0.0294159
-0.0927832
0.0639184
0.0130475
0.0143892
0.0661824
-0.0911494
-0.0150008
-0.00126473
-0.0840863
0.00775972
-0.0104723
0.0403083
0.0140946
0.015639
-0.00960412
0.0283978
0.0686031
0.0619172
-0.0480646
0.0225673
0.0533857
-0.0900271
0.0345796
0.0700342
0.0380651
0.00905623
-0.0165644
0.0112168
0.0363982
-0.0123881
0.0441069
-0.0162803
0.0158582
0.0360024
0.00194013
0.0139332
-0.0599965
-0.00248976
0.0211582
0.0259511
0.0227307
0.0674625

-0.13944
-0.0959998
-0.194675
-0.152655
-0.145871
-0.185708
0.0429843
0.0392252
0.0365299
0.0179761
-0.0166841
-0.00613239
0.0261192
0.0155611
0.0975965
0.0521771
0.032786
0.0461873
0.0200675
0.0241374
0.0329453
0.0571875
-0.00401233
-0.00883758
0.0682771
-0.00198255
-0.00212849
0.00583715
-0.0321706
-0.0966327
0.00540263
0.0154366
-0.0142515
-0.0471439
-0.0445748
-0.0132566
-0.00319388
0.0358954
-0.019216
-0.0214794
0.0705143
0.00652336
0.0899815
-0.0232042
0.0138865
-0.00764054
-0.0342099
-0.0421049
-0.0117007
0.0766074
0.0651763
-0.00799297
-0.0350736
-0.061352
0.0276737
0.0188393
0.0073881
0.032424
0.032394
0.066551
0.01766
-0.0231347
0.0223635
0.0741821
-0.0372814
0.074819
-0.000165059
0.023255
-0.00239003
0.010746
0.0382138
-0.0832107
0.0255469
0.0282186
0.0476998
0.0706886
0.0704195
-0.029266
0.05574
0.0467518
-0.0518059
0.0473887
0.0521466
0.0928179
-0.0759944
0.0358889
0.0220114
-0.0151366
-0.0844182
-0.0187405
0.0258071
0.027372
-0.000389668
0.0686658
0.00607703
-0.0879802
0.0254724
0.0622137
0.0349134
0.0457544
0.0400493
0.0854733
0.0354219
0.0602946
0.00509205
0.046504
-0.08996
0.0738525
0.0152787
0.0274368
0.0770485
-0.0986698
-0.0144624
0.0157114
-0.110829
0.0176322
0.013785
0.0499058
0.0228752
0.0350405
-0.0151859
0.028515
0.0625485
0.064659
-0.0426109
0.0471718
0.0663676
-0.075965
0.0380557
0.0800842
0.0545026
0.00509892
-0.00290648
0.0361417
0.0392313
0.00780067
0.0387532
-0.00875886
0.0243999
0.0354319
0.00292057
-0.00100715
-0.0762386
0.00418673
0.0325939
0.0198646
0.0371997
0.0738463

-0.126606
-0.105201
-0.211643
-0.147729
-0.135055
-0.190923
0.0444776
0.0356859
0.0330097
0.0161943
-0.0287737
-0.0113254
0.0201362
0.0078204
0.0956233
0.0480567
0.0336157
0.0372299
0.00921421
0.0288231
0.0254584
0.0461401
-0.0194514
-0.00624174
0.066435
-0.00919961
-0.0098047
-0.00523378
-0.0376768
-0.0966655
-0.00353096
-0.00251238
-0.00789148
-0.0430041
-0.0434128
-0.0123398
0.00112308
0.0416434
-0.00217984
-0.011791
0.0518171
0.00130656
0.0868435
-0.0178369
0.0172903
-0.00373007
-0.0388554
-0.0316092
-0.0191108
0.0709359
0.0611109
-0.00747375
-0.0263042
-0.0574976
0.0332073
0.000822767
0.010248
0.0223569
0.0330949
0.0578677
0.021334
-0.0140383
0.0190296
0.0593437
-0.0223108
0.0707951
-0.0168045
0.0200521
-0.00278848
0.00970875
0.0262123
-0.086692
0.0202559
0.0245342
0.0374237
0.0729603
0.0587422
-0.026213
0.0415032
0.0338597
-0.063173
0.0315854
0.0347397
0.0877435
-0.0508234
0.0296896
0.0113352
-0.0235846
-0.104009
-0.0190249
0.023688
0.0305818
0.00526464
0.0685661
-0.00807617
-0.0791092
0.0118155
0.0570087
0.0239573
0.0368592
0.0376531
0.0797058
0.0335567
0.0590426
0.0203045
0.0363407
-0.0836933
0.0698784
0.0179397
0.00972982
0.0725039
-0.109526
-0.0110437
-0.00683359
-0.103902
0.0134018
0.00712749
0.0584825
0.00164315
0.023101
0.00410954
0.0227723
0.0491351
0.072558
-0.059486
0.041222
0.0613382
-0.0855885
0.0362666
0.080057
0.0555918
0.00946768
-0.0202177
0.0147884
0.035607
-0.0174137
0.046174
-0.0244012
0.0316396
0.0435852
0.00728055
0.00390819
-0.0774582
0.00452408
0.036985
0.0122993
0.0312592
0.0707347

-0.122078
-0.0920401
-0.190183
-0.149695
-0.136894
-0.179396
0.0349206
0.034838
0.0121705
0.00545588
-0.0138575
0.00110688
0.0160629
0.00987571
0.0927503
0.0339719
0.0339609
0.0513313
0.0098067
0.0229891
0.0271694
0.0484939
-0.0149485
-0.0183889
0.0715332
-0.0143851
-0.00663012
-0.0100715
-0.0524409
-0.109778
-0.00651667
-0.00152036
-0.017906
-0.0608922
-0.0659893
-0.0230431
0.00252023
0.041356
-0.00545665
-0.0104787
0.0555177
0.00882579
0.0789353
-0.0209286
0.00260786
-0.0121532
-0.0470003
-0.0424061
-0.0166529
0.0675313
0.051006
-0.0115421
-0.0525207
-0.07733
0.0164219
0.00279812
0.00924134
0.0241766
0.0362644
0.0528749
0.0190964
-0.00337621
0.0101072
0.0452279
-0.0245781
0.0651208
-0.00796867
0.0129405
0.00291158
0.00448293
0.0240749
-0.0863205
0.0105416
0.0320598
0.0330346
0.0633049
0.0675825
-0.036052
0.0282253
0.0209756
-0.0364619
0.0191045
0.0209686
0.0881305
-0.0614682
0.0339711
0.0274154
-0.0177057
-0.0823949
-0.0291092
0.00501885
0.0186037
-0.00416036
0.0592675
-0.0111362
-0.0867187
0.00522048
0.0443509
0.0244159
0.0282397
0.0403498
0.0687167
0.022397
0.0458146
0.0236395
0.0233177
-0.0907368
0.0648325
-0.000966853
0.0129574
0.0708162
-0.0895017
-0.0233916
0.0059422
-0.103395
0.000901914
0.00263261
0.0392209
0.0200989
0.0162334
-0.0037585
0.00970004
0.0502936
0.0583029
-0.0524566
0.0288782
0.0612245
-0.089835
0.0262492
0.0720885
0.0469601
0.00569148
-0.0207583
0.0164939
0.0324896
-0.00740039
0.0353454
-0.0175488
-0.000859362
0.0425906
-0.0137874
0.00447879
-0.0603274
-0.00546465
0.0159312
0.000576752
0.0391727
0.073372

-0.124253
-0.109186
-0.191959
-0.147413
-0.138543
-0.17796
0.0331684
0.0256211
0.023675
0.010337
-0.0065937
-0.0338838
0.000972553
0.00979832
0.0848427
0.0451348
0.0288859
0.0323741
0.0105299
0.0149755
0.0156614
0.0401848
-0.0107104
-0.0265865
0.050333
-0.0224292
-0.0190405
-0.0033696
-0.0329153
-0.0952008
-0.00239367
-0.00188587
-0.000709568
-0.0515533
-0.0534843
-0.0249738
-0.0113126
0.0270658
-0.024988
-0.0249973
0.0465942
-0.00163879
0.0759012
-0.0383564
-0.00151366
-0.0038244
-0.0338213
-0.055553
-0.0303022
0.070579
0.0422384
-0.0235827
-0.040741
-0.0907736
0.0253331
-0.0030481
0.00508404
0.00962354
0.0172394
0.0464358
0.0155201
-0.0151787
0.0169557
0.0560938
-0.0388932
0.0710432
-0.00119799
0.0165223
-0.00314795
0.00179051
0.0297861
-0.0789556
0.0191574
0.016472
0.0319382
0.0577558
0.0516447
-0.0411622
0.033082
0.0292911
-0.0540683
0.0274008
0.0295724
0.0798608
-0.0684316
0.00638507
0.00160308
-0.0351829
-0.089224
-0.0237062
0.00433379
0.0229882
-0.00519877
0.0539244
-0.0108966
-0.071278
0.00815239
0.0348739
0.00770065
0.0319819
0.0361872
0.0711709
0.0291388
0.0443596
0.0119197
0.0348469
-0.0922529
0.0648759
0.00461942
0.00196071
0.0615922
-0.0910788
-0.0206882
0.00636018
-0.101715
0.00937656
0.00792617
0.0357315
-0.00753216
0.019821
-0.0086016
0.0183958
0.041297
0.0572185
-0.0520393
0.0328682
0.0516856
-0.0941352
0.0223605
0.0617444
0.0357844
0.00466412
-0.0147991
0.0127163
0.0209263
-0.0108496
0.036086
-0.0221102
0.0155146
0.0252285
0.00406901
-0.0127188
-0.0611116
-0.000364901
0.00651345
0.00618007
0.0178514
0.0685605

-0.142593
-0.099907
-0.194675
-0.14528
-0.147253
-0.187269
0.0485581
0.0268705
0.0296899
0.00533523
-0.0255483
-0.0129198
0.00331468
0.011137
0.0881687
0.0507793
0.0328646
0.0525989
0.0157312
0.00998805
0.0187079
0.0603834
-0.0222279
-0.0343792
0.0599915
0.000682137
-0.00231229
0.0029676
-0.0440447
-0.108727
0.00402324
-0.0105572
-0.0120435
-0.0405665
-0.0545636
-0.0202828
0.00408987
0.0343088
-0.0125635
-0.00708238
0.0612751
0.00967079
0.0795467
-0.0106052
0.00478587
-0.00244064
-0.0339964
-0.0368395
-0.0318598
0.0709127
0.0540732
-0.00919528
-0.0343486
-0.0602109
0.0182468
-0.00892193
-0.0170405
0.0152371
0.0264086
0.0621687
0.0136462
-0.0140966
0.0166587
0.0510851
-0.0400178
0.0719513
-0.0148681
0.0120958
0.0046265
-0.00858197
0.0262493
-0.0446945
0.0234744
0.0244082
0.0423722
0.0563975
0.0585065
-0.0359633
0.0383057
0.0336294
-0.0532004
0.0366667
0.0411227
0.0819077
-0.0675251
0.0164501
0.0102044
-0.0211436
-0.0842557
-0.0104451
0.00869769
0.0263016
0.0123542
0.0566411
0.0143144
-0.083536
0.0166123
0.045366
0.0272857
0.0268278
0.0266905
0.0743061
0.0354458
0.0573093
0.0077744
0.0400696
-0.0834307
0.0642706
0.00117786
0.0230301
0.0685445
-0.0887497
-0.00410429
0.0154814
-0.0747112
0.0176714
0.0126617
0.0463293
0.0131175
0.0280196
-0.0123416
0.0274263
0.0559561
0.0691286
-0.051157
0.0289122
0.0544665
-0.0854653
0.0462298
0.0681959
0.0346048
0.00318268
-0.0230418
0.0118104
0.0334565
0.0013106
0.0364791
-0.0131661
0.026136
0.041777
0.0140676
-0.000396366
-0.0582887
-5.89184e-05
0.0279008
0.00778823
0.0265049
0.070326

-0.135448
-0.105256
-0.19302
-0.141624
-0.138572
-0.175908
0.0232158
0.0295518
0.0271853
0.0144414
-0.0253934
-0.0185782
0.0262281
0.00175428
0.0898047
0.0390626
0.0374097
0.0284671
0.00495831
0.0208101
0.0184958
0.0437572
-0.0114133
-0.0180633
0.0612457
-0.00443445
-0.0141491
-0.0166088
-0.0487762
-0.0986623
-0.00295292
-0.00185189
0.00608698
-0.0480113
-0.0635348
-0.0202177
-0.0138528
0.0326703
-0.0212505
-0.0184408
0.0578045
-0.00294954
0.0799758
-0.0178185
0.00855538
-0.0173837
-0.0537092
-0.0431392
-0.0211193
0.0739538
0.0519655
-0.0131492
-0.0279461
-0.0722898
0.0282135
-0.00218973
0.00300592
0.00634913
0.0221228
0.0453479
0.0139921
-0.0352986
0.0165965
0.0612538
-0.0301749
0.0688375
-0.00542725
0.0231431
-0.00259396
0.0138254
0.0448103
-0.0554799
0.0196537
0.0247721
0.0443513
0.0610021
0.0590938
-0.0298053
0.0402239
0.0394279
-0.04847
0.0303739
0.0324774
0.0863816
-0.0668932
0.0111751
0.00759219
-0.00477235
-0.0771293
-0.030616
0.0117852
0.0285082
0.00405094
0.0568095
-0.0113543
-0.098119
0.014038
0.0514149
0.0232568
0.0395405
0.0401384
0.0812954
0.0308809
0.0440719
0.00959506
0.0328137
-0.0829199
0.0693299
0.0166263
0.00774223
0.0739849
-0.0933479
-0.0190476
0.00223014
-0.106655
0.00358064
0.011372
0.0427728
0.0208855
0.0174695
0.000137064
0.0348683
0.0579
0.071028
-0.0496536
0.0372458
0.0645942
-0.0866883
0.0287678
0.0724484
0.0507561
-0.00487
-0.0127127
0.0249816
0.0309693
-0.00990758
0.0427449
-0.0270805
0.0158416
0.039466
0.00322492
-0.00769713
-0.0588543
0.000560864
0.0152886
0.0239321
0.0207804
0.0716743

