0.0596957
-0.0492794
0.122187
-0.0675236
0.0386856
0.100628
-0.0100503
-0.0944139
0.0525866
0.0555136
0.0287275
-0.031731
0.0705508
0.0169093
0.100041
-0.032365
0.133593
-0.173579
0.0869761
-0.122971
0.0882635
-0.123174
0.140763
-0.0952391
0.119891
-0.0537084
0.00761656
-0.13312
-0.0117581
-0.163763
0.0687893
-0.061704
0.0772758
0.00901967
0.0551226
-0.0542028
0.130804
-0.141706
0.136618
0.0574799
0.0565406
-0.115186
0.0637037
-0.0948864
0.0576287
-0.0651932
0.101941
-0.0178793
0.128901
-0.0220878
0.0815773
-0.0828045
-0.114737
-0.162866
0.109955
-0.141714
0.0990999
-0.146494
0.124776
-0.0885735
0.103071
0.00555153
0.0617387
-0.0931426
0.0840549
0.0682575
0.122059
-0.0820977
-0.0458749
-0.0681786
0.0511428
-0.137335
0.029647
0.0672288
0.0722517
-0.120597
0.0829564
-0.117948
-0.0651073
-0.102323
0.0226922
-0.0778669
0.0525342
0.0715721
0.142806
0.0741194
0.130066
0.031455
0.132132
0.0486236
0.0863002
-0.0226542
0.0984533
0.0219855
0.125117
-0.0324588
0.00354023
0.00553327
-0.0940812
0.133399
-0.0625106
0.127695
0.0715587
0.107242
0.0311374
0.0760098
0.0799694
0.123853
0.0287095
-0.0364698
-0.0011708
0.0323691
0.0178634
0.0207387
0.0523761
0.117748
0.106871
0.136818
-0.0457228
0.124992
0.0728534
0.0561734
0.0137472
0.115385
-0.0490162
0.0619167
0.00780132
0.142233
0.00440296
0.141555
0.069596
0.124832
-0.0414375
0.0504867
-0.000210936
0.0108522
-0.0630081
0.119968
0.0996935
0.079055
-0.0361429
0.145106
0.0311278
0.114175
0.116679
0.106795
0.0704017
0.135382
0.0230878
0.145141
0.0315819
0.140157
0.11452
0.0456336
0.111884
0.142956
0.110875
0.0658724
0.108887
0.0270027
0.114883
0.14201
-0.155466
0.0139208
-0.064252
-0.03207
-0.128644
-0.036447
0.0841121
0.0884516
-0.134065
0.113018
-0.0584001
0.101602
0.0449763
0.112133
-0.0744622
0.12461
0.103649
0.0400695
-0.0506078
0.0657785
-0.0937824
0.0163235
-0.108804
0.0224413
-0.111986
-0.100064
-0.151285
-0.00979787
-0.050043
0.0710805
-0.00338208
0.0912618
-0.138639
0.116118
-0.0786248
0.112226
-0.031059
0.110621
-0.0486411
0.028718
-0.105008
0.140621
-0.136183
0.134191
-0.1476
0.121822
0.0367481
0.0708213
-0.106849
0.127921
-0.0229417
0.0889049
-0.077563
0.0206101
-0.0896809
0.0838244
-0.0676454
0.0178276
-0.159521
0.0753191
-0.078199
0.0308074
-0.0159127
0.0360502
-0.0614097
0.0515571
-0.071955
0.0684874
0.0664549
0.145296
-0.106325
0.136515
0.0388803
0.0544719
0.0832716
0.138078
0.09298
0.141736
0.0285219
0.137243
0.0433789
0.142786
0.0377749
0.141012
0.0364089
0.134836
0.0343495
-0.0411111
0.048335
0.0206264
0.00679786
0.0508262
0.0169219
0.143615
0.130711
0.135383
0.149947
0.126407
0.0535741
0.0243881
0.0420126
-0.0107008
0.0216381
0.0520437
0.0876772
0.115471
0.136015
0.147151
0.0990629
0.0998668
0.142601
0.137323
0.138362
0.138322
0.129023
0.0459106
0.0210432
0.0243625
0.00833873
0.00381119
0.0434265
0.110229
0.110816
0.119399
0.14536
0.122184
0.136903
0.116479
0.126365
0.122795
0.132716
0.119654
0.126466
-0.00266301
-0.0262061
-0.00634047
0.036856
-0.0133517
0.0350392
0.135518
0.145794
0.12641
0.101553
0.103928
-0.0573347
-0.0123887
0.0387707
-0.0209834
0.00287017
0.130835
0.126875
0.0527501
0.0352497
0.0116163
0.119712
0.145526
0.141739
0.140841
0.151354
0.143883
0.1222
0.0409882
0.0410295
-0.00470055
-0.0130808
0.0283161
0.146034
0.137507
0.145741
0.152332
0.140487
0.140913
0.136742
0.0489766
-0.0118378
0.0439706
0.0197801
0.0301031
0.145229
0.137118
0.130912
0.152951
0.0670289
0.137561
0.149072
0.148225
0.141235
0.140202

0.0654806
-0.0275627
0.119569
-0.0632854
0.0515663
0.0889111
0.00107922
-0.0471021
0.0465583
0.0538205
0.0240244
-0.0322831
0.0863313
0.044635
0.0906518
-0.0332026
0.139923
-0.163774
0.0939126
-0.117075
0.101491
-0.13256
0.134535
-0.102074
0.102296
-0.057433
0.0189385
-0.133864
-0.0159608
-0.133915
0.0833929
-0.0625991
0.0763898
0.0121405
0.0770691
-0.0420877
0.128484
-0.113854
0.139138
0.0595914
0.0438117
-0.127135
0.0394413
-0.0848157
0.0539788
-0.0921225
0.0994603
-0.0220278
0.129383
-0.0275629
0.0726211
-0.11968
-0.0789386
-0.150995
0.112756
-0.134387
0.0965573
-0.147648
0.121256
-0.0833724
0.0837218
0.00595127
0.052765
-0.0737844
0.0933881
0.0554338
0.117594
-0.0886135
-0.0289583
-0.0580141
0.0311434
-0.130869
0.0113907
0.0320502
0.055583
-0.106099
0.0700854
-0.134908
-0.0577333
-0.137315
0.0465303
-0.0784275
0.0398435
0.0504031
0.136021
0.0587961
0.134646
0.0348014
0.124467
0.0372628
0.0653321
-0.0225263
0.0802622
0.0190849
0.106718
-0.0410129
0.00281632
-0.0163871
-0.0997387
0.139879
-0.080703
0.12756
0.0853002
0.0976383
0.0372551
0.0902208
0.0641263
0.123476
0.0052823
-0.0145884
0.00850998
0.0150899
0.0286039
0.00450582
0.0569145
0.107616
0.0975402
0.135389
-0.0365215
0.128592
0.0655483
0.0666343
-0.00565898
0.111706
-0.0433251
0.0368762
0.017103
0.140396
0.00289679
0.14143
0.0489915
0.117111
-0.0415325
0.0193949
-0.00497242
-0.000647429
-0.0881896
0.105222
0.0949036
0.0904143
-0.0880109
0.141542
0.031145
0.112615
0.108197
0.104355
0.0677517
0.138364
0.0247568
0.140766
0.0318038
0.138646
0.103218
0.047164
0.10071
0.146875
0.10833
0.0535768
0.107391
-0.0108886
0.112164
0.139634
-0.138656
0.00635435
-0.0636191
-0.0305338
-0.137339
-0.0459121
0.0932612
0.0951504
-0.132087
0.118324
-0.0408697
0.0945762
0.04037
0.0905571
-0.0797635
0.131575
0.106589
0.0438674
-0.0307508
0.0440018
-0.110247
0.0196575
-0.109864
0.00740732
-0.104257
-0.07474
-0.142781
-0.0157523
-0.0505769
0.0669356
-0.0099857
0.0789159
-0.14717
0.112721
-0.0800745
0.0941364
-0.0393242
0.115831
-0.0658509
0.0205431
-0.0849267
0.133961
-0.123416
0.127724
-0.139249
0.122959
0.018637
0.0646882
-0.113824
0.121075
-0.0139513
0.0886298
-0.0956567
0.0228637
-0.0721595
0.0574245
-0.0981496
-0.00441302
-0.139281
0.0406716
-0.0808164
0.0201062
-0.0132932
0.00317352
-0.0726743
0.0409635
-0.0719098
0.071798
0.0645532
0.143051
-0.137823
0.135297
0.0294014
0.0559015
0.0605816
0.134301
0.0922484
0.140412
0.0282351
0.13242
0.0396921
0.134904
0.0339479
0.141469
0.0241017
0.124688
0.0512916
-0.0780433
0.031499
-0.00863545
0.011088
0.0311626
0.0117373
0.131466
0.118984
0.138307
0.143707
0.119754
0.0238055
-7.03021e-05
0.0206076
-0.0204817
0.0110115
0.037772
0.087951
0.106294
0.123168
0.138282
0.0761637
0.10353
0.130253
0.12569
0.138384
0.132108
0.117544
0.0182784
-0.000198784
0.0179289
0.00443809
-0.00762745
0.044659
0.0982993
0.106218
0.101095
0.143947
0.108486
0.13992
0.106578
0.110921
0.118756
0.132555
0.112614
0.122992
-0.00588909
-0.036711
-0.00870726
0.0416092
-0.00549633
0.026071
0.12776
0.140075
0.119564
0.087256
0.0874629
-0.0748485
-0.0125785
0.0416176
-0.00604367
0.0052675
0.133063
0.117087
0.0514958
0.0282117
0.00855112
0.116697
0.141524
0.137675
0.137408
0.14088
0.142289
0.101271
0.0504131
0.0365307
-0.00135301
-0.00210416
0.00147973
0.140305
0.131569
0.14467
0.147773
0.13792
0.140986
0.135871
0.0445286
-0.00603496
0.0355529
0.00771253
0.0246074
0.139891
0.139149
0.116497
0.147091
0.0653819
0.126147
0.137985
0.140236
0.136588
0.139203

0.0756576
-0.0218421
0.117128
-0.0688747
0.0538447
0.102799
0.0156131
-0.0869925
0.0519768
0.06204
0.0332498
-0.0233136
0.080283
0.0551733
0.0947864
-0.0468306
0.134714
-0.164688
0.0926231
-0.123067
0.0917591
-0.12889
0.132217
-0.111856
0.110245
-0.0448027
0.00501868
-0.140954
-0.00222459
-0.148411
0.0784176
-0.0635339
0.0720892
0.0108424
0.0613649
-0.0299907
0.130385
-0.126566
0.141444
0.0718157
0.0579642
-0.125183
0.0737179
-0.0601843
0.0590763
-0.0675782
0.0952002
-0.0421635
0.131318
-0.0375013
0.0859174
-0.0997284
-0.115128
-0.158033
0.0988974
-0.136175
0.0974466
-0.145925
0.116773
-0.0634187
0.0986047
0.0233005
0.0695895
-0.0737735
0.0789824
0.0577248
0.11895
-0.0924392
-0.0400495
-0.0680631
0.0623778
-0.124455
0.0354444
0.050528
0.0654157
-0.110107
0.079834
-0.142213
-0.0607818
-0.112814
0.0407426
-0.0472595
0.0620058
0.0721816
0.134219
0.0668366
0.130277
0.0333458
0.137871
0.05804
0.082592
0.0130149
0.0966341
0.0240278
0.118637
-0.0158237
0.0176873
0.0101036
-0.0962126
0.139338
-0.0745406
0.131811
0.0755261
0.0982595
0.0330978
0.0662189
0.0728029
0.126996
0.0433173
-0.0283925
0.0293699
0.0307118
0.0278968
0.0233717
0.0466669
0.122872
0.089611
0.138348
-0.00874845
0.128444
0.0681557
0.059613
0.0295396
0.115684
-0.0477478
0.040727
0.0113846
0.135875
-0.0269671
0.144858
0.0538368
0.128567
-0.0536662
0.0480246
-0.0207813
0.0129038
-0.107243
0.126832
0.0940428
0.0926196
-0.0812419
0.144175
0.0395723
0.117812
0.119531
0.104803
0.0761892
0.14196
0.0242431
0.137895
0.0389794
0.134684
0.113489
0.0509912
0.105839
0.144163
0.107232
0.0651761
0.113252
0.0019384
0.11207
0.141721
-0.140052
0.0113928
-0.0824522
-0.0359164
-0.139475
-0.034073
0.0871347
0.0895827
-0.136267
0.119814
-0.0515496
0.103086
0.0387659
0.106213
-0.0615143
0.124321
0.10062
0.0442114
-0.0436333
0.0677503
-0.120836
0.0370132
-0.0978007
0.0163451
-0.129867
-0.0997771
-0.141401
0.0145818
-0.047319
0.0707829
-0.00391476
0.0911585
-0.128298
0.109734
-0.0691277
0.1096
-0.0223917
0.118268
-0.0575024
0.0399192
-0.110615
0.137558
-0.135507
0.135508
-0.159816
0.127375
0.0401068
0.0567796
-0.109042
0.124262
-0.0104691
0.0713104
-0.066413
0.0147465
-0.0696706
0.0826882
-0.060165
0.00478599
-0.145861
0.0588313
-0.0780884
0.0456408
-0.0245579
0.0370083
-0.0746349
0.0461037
-0.0592145
0.0702971
0.067236
0.143432
-0.122656
0.134729
0.04708
0.060904
0.0627095
0.139924
0.0991608
0.134535
0.0439884
0.134396
0.0443085
0.139002
0.0452147
0.139229
0.0283177
0.137848
0.0478529
-0.075305
0.0395917
-0.0109954
0.0120186
0.0378582
0.00241236
0.141123
0.112728
0.132524
0.142785
0.123033
0.0519908
0.0223243
0.0409731
0.00187872
0.0228481
0.0542252
0.102243
0.115435
0.132683
0.138368
0.107662
0.102284
0.141754
0.135834
0.138753
0.136397
0.129022
0.048032
0.0150817
0.0318807
0.0206492
0.0168493
0.0322908
0.105757
0.0962967
0.122406
0.147025
0.120563
0.128766
0.116033
0.11948
0.11938
0.127896
0.112705
0.12709
0.0110602
-0.0206804
-0.0110672
0.037157
-0.00300373
0.037157
0.141919
0.142764
0.130254
0.112952
0.108147
-0.0770231
0.00450139
0.045078
-0.00274613
0.00812601
0.137513
0.100021
0.0516668
0.0387957
-0.000286435
0.125198
0.144168
0.142906
0.143164
0.142453
0.139
0.1091
0.0494127
0.0373336
-0.0108674
-0.00368855
0.00575952
0.137583
0.132881
0.135848
0.144805
0.142228
0.143242
0.140293
0.0501898
-0.0119783
0.0314859
0.00622997
0.0251207
0.138934
0.146027
0.128406
0.147754
0.0925514
0.129405
0.139733
0.146082
0.145633
0.136568

0.0906588
-0.0231246
0.124004
-0.0575926
0.0529585
0.105541
0.00815982
-0.0768785
0.0636148
0.0575559
0.0416763
-0.000646209
0.0832438
0.0165436
0.115736
-0.0294816
0.143977
-0.189072
0.0960318
-0.12863
0.112638
-0.142895
0.145861
-0.120024
0.11996
-0.0465912
0.0145637
-0.123172
0.012155
-0.149816
0.0828153
-0.0572768
0.0922069
0.0160448
0.0614741
-0.0428524
0.138422
-0.115393
0.14288
0.0874561
0.057481
-0.116895
0.0491482
-0.0911712
0.0684146
-0.0662876
0.11622
-0.0272604
0.140058
-0.0561016
0.106177
-0.0779197
-0.0632182
-0.151227
0.128833
-0.124727
0.120471
-0.14752
0.126768
-0.091475
0.10358
0.0285857
0.0683769
-0.0715202
0.0974294
0.0565374
0.129882
-0.0761241
-0.0275914
-0.0631474
0.0544699
-0.12235
0.0414218
0.0544772
0.0763506
-0.091635
0.0835133
-0.132307
-0.0527631
-0.127209
0.0334452
-0.0857194
0.0533192
0.062922
0.147947
0.0734338
0.142836
0.0551556
0.13273
0.0469116
0.0688779
-0.0097877
0.116003
-0.00969114
0.12998
-0.0302923
-0.0036079
-0.00441936
-0.0980224
0.148797
-0.065447
0.136624
0.0700381
0.118485
0.0223568
0.0801792
0.0833117
0.14333
0.0369826
-0.0153835
0.0144741
0.0309095
0.0161145
0.0160541
0.0370993
0.117928
0.120013
0.132896
-0.0240427
0.133325
0.0837819
0.0607287
0.00545457
0.129683
-0.0322969
0.0679358
0.00094575
0.145942
0.00404135
0.146076
0.069544
0.119906
-0.0245713
0.0373946
-0.00796497
0.0105352
-0.0808471
0.123625
0.0906652
0.101949
-0.0603361
0.149493
0.0325419
0.117827
0.126467
0.108662
0.0731379
0.145446
0.0425957
0.144843
0.046259
0.142533
0.111354
0.0548296
0.109927
0.156192
0.116015
0.0659426
0.107766
0.0126153
0.114129
0.153384
-0.137285
0.0170888
-0.0716395
-0.0181327
-0.130166
-0.0536821
0.0810331
0.105102
-0.127854
0.140872
-0.061378
0.0971354
0.0407492
0.114312
-0.0909023
0.131483
0.101593
0.0495993
-0.0222389
0.0778548
-0.10098
0.0349229
-0.126681
0.0259388
-0.113555
-0.086333
-0.145438
0.0236274
-0.0516417
0.0776437
-0.00149719
0.106201
-0.118289
0.119843
-0.0714815
0.110044
-0.0461008
0.115759
-0.0563517
0.0328811
-0.102024
0.148675
-0.148068
0.141977
-0.165383
0.126341
0.0335445
0.0437252
-0.104644
0.121363
-0.0448668
0.0593244
-0.0767174
0.035783
-0.0936483
0.0808429
-0.0877644
0.0105764
-0.175587
0.0496173
-0.0860354
0.0376502
-0.0365694
0.0230842
-0.0772982
0.0493902
-0.0902346
0.0650459
0.0702108
0.147159
-0.108427
0.13376
0.0589336
0.0467115
0.0671654
0.147731
0.107716
0.150577
0.0287391
0.147575
0.0346972
0.152678
0.0458786
0.151127
0.063301
0.133813
0.0505506
-0.0481689
0.0446768
0.0125082
0.0197963
0.0582258
0.0158694
0.141311
0.131464
0.137669
0.148745
0.122086
0.0375257
0.0204735
0.027798
-0.0165684
0.0103568
0.0526299
0.0812748
0.124116
0.136656
0.153442
0.0888997
0.114056
0.143952
0.143582
0.14492
0.139429
0.126249
0.037691
0.00794674
0.0283842
-0.00133915
0.0165731
0.0500226
0.106557
0.112183
0.116212
0.14924
0.121634
0.145035
0.12094
0.12048
0.136623
0.141219
0.122823
0.136829
0.00448379
-0.0157276
0.0141302
0.0395155
0.0105212
0.0447784
0.144016
0.153858
0.135462
0.127248
0.10271
-0.0729997
-0.000886181
0.0392687
0.00542796
0.00995873
0.141552
0.125823
0.0563716
0.0465629
0.0260083
0.127098
0.147405
0.150427
0.148842
0.153961
0.151395
0.122112
0.0628162
0.0466691
0.0153392
0.00369507
0.0373458
0.154082
0.14092
0.150007
0.149963
0.144817
0.145003
0.141073
0.0500881
0.00709071
0.0495291
0.010633
0.031013
0.145386
0.147595
0.130907
0.149963
0.0804939
0.146745
0.148014
0.149632
0.155488
0.152804

0.0800844
-0.0125662
0.10969
-0.0539823
0.065331
0.0896087
0.022281
-0.0856988
0.055589
0.047376
0.0237905
-0.0191261
0.0727042
0.0165725
0.102741
-0.0351295
0.133446
-0.175619
0.109358
-0.126622
0.0970128
-0.132455
0.130677
-0.111721
0.101674
-0.0536279
0.00766181
-0.125993
-0.00438258
-0.167428
0.0818257
-0.0614398
0.0654408
0.0249641
0.0430568
-0.0364282
0.132112
-0.123156
0.133333
0.063132
0.0517885
-0.12217
0.0557239
-0.0960652
0.0555052
-0.0666234
0.102661
-0.0221754
0.126952
-0.0264487
0.0763278
-0.0988458
-0.0834703
-0.164765
0.108764
-0.132746
0.0965787
-0.166091
0.125369
-0.0606818
0.0941183
0.00751952
0.0558813
-0.0887957
0.067127
0.0383645
0.122726
-0.0832646
-0.0434435
-0.0572783
0.0508824
-0.125813
0.0376427
0.0617197
0.0460662
-0.103584
0.0640172
-0.139947
-0.052981
-0.112613
0.0348732
-0.0709593
0.0494075
0.0686277
0.127137
0.0769785
0.11935
0.0464464
0.128384
0.0508629
0.0648457
-0.00430377
0.104813
-3.80098e-06
0.110594
-0.0290789
0.0101214
0.00369187
-0.0984423
0.128593
-0.0637758
0.134386
0.0734664
0.0957451
0.0251527
0.0632697
0.0593537
0.122252
0.0238175
-0.0136451
0.0162225
0.0246275
0.0285562
0.00363597
0.0478091
0.116179
0.0865631
0.133317
-0.0256702
0.117355
0.0788113
0.0360119
-0.000403147
0.1158
-0.0336302
0.0452424
0.00280572
0.135897
-0.0154703
0.139353
0.061736
0.112472
-0.0553289
0.0357903
-0.01142
0.00245047
-0.0827545
0.113984
0.0877464
0.0817402
-0.0585857
0.140989
0.0146117
0.113216
0.11719
0.102497
0.059829
0.136793
0.0386189
0.134485
0.0407695
0.126843
0.112142
0.0556073
0.109748
0.138482
0.113215
0.0639177
0.110529
0.0189361
0.113023
0.134218
-0.143048
0.0269042
-0.0705413
-0.0104549
-0.124358
-0.0181019
0.0826987
0.102405
-0.134617
0.115651
-0.0526147
0.0960375
0.033121
0.106537
-0.0854449
0.119343
0.108519
0.0331727
-0.0529745
0.0525744
-0.100627
0.0288727
-0.0988959
0.025429
-0.123113
-0.0813392
-0.145253
0.00800012
-0.052789
0.0633937
-0.00466815
0.0833864
-0.155854
0.108904
-0.0755077
0.106458
-0.0427583
0.113779
-0.0624287
0.0343617
-0.12001
0.131504
-0.144172
0.127026
-0.150929
0.117555
0.0255133
0.034977
-0.12725
0.120858
-0.0190513
0.069338
-0.0977211
0.0268847
-0.0738313
0.0794511
-0.066478
0.0159738
-0.148873
0.0570333
-0.0808805
0.0471307
-0.0256952
0.0263288
-0.0677501
0.0548217
-0.060442
0.064497
0.0692119
0.140502
-0.119383
0.133227
0.0284747
0.0649484
0.0583305
0.135818
0.093703
0.129142
0.0283725
0.127665
0.0346641
0.131388
0.0469838
0.135217
0.0307096
0.127007
0.0342681
-0.0465551
0.0553749
0.0120524
0.016773
0.034564
0.0202726
0.129832
0.11188
0.128645
0.13892
0.120625
0.0493272
0.00970101
0.0343575
-0.0105693
0.0248435
0.0448289
0.0806877
0.116917
0.130026
0.138797
0.0821639
0.0988994
0.136306
0.131321
0.128035
0.136489
0.118273
0.0457894
0.0163746
0.0190752
0.0078387
-0.000571048
0.0490747
0.0999797
0.0845459
0.114637
0.133064
0.12646
0.129474
0.107368
0.117777
0.124839
0.115943
0.116058
0.122662
0.00190527
-0.0384042
0.00047572
0.0351785
4.49072e-05
0.037832
0.132472
0.142008
0.124914
0.0970781
0.114405
-0.0952253
-0.00665277
0.0332267
0.0141948
0.0210077
0.129642
0.113835
0.0587518
0.0447914
0.0214032
0.100154
0.135943
0.134718
0.136488
0.14141
0.138807
0.120771
0.0605073
0.0462639
0.00595988
-0.01696
0.0180413
0.138969
0.128296
0.134734
0.142107
0.138412
0.14217
0.130086
0.0549191
0.00478881
0.0394489
0.0210584
0.0365857
0.137917
0.131832
0.123577
0.140089
0.0796171
0.119549
0.137842
0.142948
0.135416
0.130303

0.0763586
-0.00916766
0.126982
-0.0618003
0.0399786
0.0998893
-0.00420979
-0.0855806
0.0531484
0.0486001
0.017816
-0.0191533
0.0862118
0.0059987
0.0997107
-0.0321299
0.143922
-0.179682
0.0743857
-0.140718
0.102055
-0.129519
0.141424
-0.121891
0.123338
-0.0541777
-0.00893337
-0.13234
-0.00367675
-0.159009
0.0746149
-0.0619427
0.0781289
-0.000315228
0.0726772
-0.00475045
0.135325
-0.136671
0.143729
0.0532443
0.0583924
-0.142194
0.0543855
-0.0692877
0.0605652
-0.090539
0.106019
-0.0225268
0.134801
-0.0384299
0.0766854
-0.119557
-0.0945432
-0.149176
0.110653
-0.127366
0.0909435
-0.153159
0.115056
-0.0731907
0.0930554
0.00632527
0.056965
-0.0870425
0.101639
0.0626905
0.115015
-0.0781734
-0.0413908
-0.0712501
0.0521966
-0.138894
0.0425125
0.0507798
0.0633154
-0.116328
0.074353
-0.132813
-0.0570121
-0.123132
0.0320156
-0.0797698
0.0557876
0.0718406
0.139501
0.0638459
0.127392
0.0583241
0.123215
0.0350737
0.0762804
-0.00451623
0.102141
0.0289401
0.117836
-0.0303466
0.0192219
0.00333926
-0.087519
0.132695
-0.0494445
0.132093
0.0700348
0.108338
0.0242124
0.0901246
0.0327222
0.14031
-0.00161402
-0.0130274
-0.000713664
0.0312604
0.0317114
0.00108486
0.0566527
0.113306
0.117808
0.135409
-0.0125204
0.131204
0.0780286
0.05359
0.0178428
0.110058
-0.0397659
0.0649796
0.037471
0.137235
-0.00674677
0.143766
0.0464911
0.11498
-0.0521187
0.0376721
-0.0225039
0.00233571
-0.0845555
0.110112
0.094015
0.0941209
-0.0651982
0.145513
0.0381421
0.111727
0.120306
0.111021
0.0519076
0.140991
0.0480995
0.140759
0.0364249
0.132478
0.10981
0.0493566
0.0999675
0.142219
0.106451
0.0553957
0.097325
0.0015607
0.108312
0.145176
-0.131132
0.0207398
-0.0833179
-0.0212294
-0.112222
-0.0476975
0.0760253
0.108997
-0.14041
0.133472
-0.0730702
0.103553
0.0393391
0.102808
-0.0506956
0.12508
0.104444
0.0326022
-0.0311657
0.045626
-0.112917
0.0155693
-0.124242
0.0273346
-0.107207
-0.0926956
-0.15359
0.000230979
-0.048835
0.064197
-0.00624279
0.0928089
-0.119505
0.124732
-0.0525866
0.122777
-0.024996
0.110541
-0.0808947
0.0309403
-0.118452
0.134189
-0.132262
0.137957
-0.149682
0.125353
0.0344123
0.0582814
-0.135567
0.107441
-0.00806885
0.084031
-0.0850847
0.0323416
-0.086521
0.071328
-0.0972059
0.00364889
-0.148551
0.0509409
-0.0864805
0.0444525
-0.0150516
0.0292841
-0.0747217
0.0419776
-0.0750824
0.0665719
0.0618533
0.14532
-0.11799
0.135448
0.0626036
0.0746572
0.0790725
0.135033
0.101756
0.136569
0.0559584
0.14316
0.0373345
0.144985
0.0352638
0.146426
0.056057
0.124612
0.0377276
-0.0588076
0.0437665
0.00938677
0.0114379
0.0417214
0.0288198
0.13845
0.129267
0.136932
0.145389
0.118329
0.0332023
0.0166011
0.0346266
-0.00119613
0.0300136
0.0407913
0.0963131
0.117554
0.128874
0.141434
0.0948594
0.101399
0.131979
0.131718
0.139086
0.131893
0.11684
0.0371117
0.0286008
0.0270183
0.0122122
-0.0157152
0.0390973
0.108558
0.0912913
0.111595
0.147121
0.132664
0.134952
0.111651
0.126752
0.131168
0.146979
0.128328
0.124841
-0.0133173
-0.0506129
-0.0204022
0.0350651
-0.0257667
0.0399058
0.143724
0.145161
0.134303
0.102028
0.0834985
-0.065632
-0.00661871
0.0290114
-0.0225758
0.00442466
0.135189
0.114635
0.0554303
0.0371909
0.0232044
0.129624
0.141349
0.14391
0.141146
0.147113
0.14029
0.107185
0.0517352
0.0362663
0.0021415
-0.00548415
0.0275759
0.142788
0.140387
0.13949
0.147338
0.136875
0.144351
0.137045
0.04847
0.00257096
0.0395285
0.0275438
0.0349345
0.141238
0.143592
0.127572
0.149873
0.073874
0.131959
0.14352
0.14572
0.142089
0.144311

0.0776937
-0.0357012
0.112706
-0.0745572
0.0453185
0.105523
0.00176354
-0.090647
0.0586888
0.0627682
0.0369469
-0.0295092
0.083284
0.0221147
0.0922864
-0.0417321
0.136587
-0.180831
0.0807629
-0.128463
0.102417
-0.141514
0.131204
-0.116035
0.113117
-0.0629202
0.0142373
-0.133298
-0.00127254
-0.134329
0.081944
-0.0514655
0.0799204
0.00937064
0.0850932
-0.0165223
0.139132
-0.133272
0.130045
0.0599339
0.0599656
-0.127271
0.0470064
-0.0587183
0.0557611
-0.0939102
0.106832
-0.039243
0.129994
-0.0293571
0.0883121
-0.0938203
-0.0818903
-0.13826
0.115206
-0.125634
0.0951101
-0.157887
0.1112
-0.0813129
0.0947586
0.00956272
0.0662725
-0.0948808
0.104099
0.0648189
0.119056
-0.0662912
-0.0319604
-0.0852955
0.0579767
-0.115375
0.048409
0.0454786
0.063947
-0.111758
0.0632312
-0.13027
-0.042091
-0.120316
0.0395748
-0.0891826
0.0513593
0.0540998
0.127508
0.0850466
0.135187
0.0517056
0.125855
0.0406336
0.0705128
-0.0220624
0.103064
0.0132188
0.11244
-0.046307
0.0137045
-0.0109007
-0.0811549
0.130674
-0.0778572
0.131482
0.0677644
0.107273
0.0106044
0.0877939
0.062975
0.138309
0.0225924
0.00740064
0.0162314
0.0239939
0.00967492
-0.0165636
0.0378301
0.108648
0.110763
0.124289
-0.0341005
0.124225
0.0644319
0.0778674
0.00536605
0.120828
-0.0564872
0.0459073
0.0231549
0.146483
0.011289
0.14301
0.0531696
0.111545
-0.0345111
0.0278854
-0.0148758
-0.0191161
-0.0934528
0.110826
0.0934257
0.0971405
-0.066516
0.151468
0.0387993
0.112281
0.118033
0.109401
0.0716109
0.13745
0.0628394
0.142927
0.02475
0.133326
0.10768
0.0435821
0.107727
0.144917
0.108645
0.059896
0.103802
0.000788655
0.114001
0.14283
-0.141233
0.0132851
-0.0755008
-0.0166589
-0.125093
-0.0513481
0.077446
0.0804526
-0.122552
0.122572
-0.0559915
0.105631
0.0341
0.104074
-0.0778427
0.120968
0.101566
0.0455922
-0.0484872
0.0673804
-0.107198
0.0341951
-0.117888
0.0217708
-0.0988146
-0.0857637
-0.13813
0.00425035
-0.0607709
0.0693358
-0.030074
0.0809322
-0.126616
0.121022
-0.0355829
0.116146
-0.0547204
0.107288
-0.0749167
0.0344403
-0.101202
0.141493
-0.14605
0.135617
-0.145288
0.103162
0.0275235
0.048942
-0.127751
0.118229
-0.0199478
0.084862
-0.0838155
0.0176356
-0.074249
0.0786613
-0.0873974
-0.00410544
-0.144405
0.0294277
-0.0877395
0.0322187
-0.0242122
0.0180802
-0.0841295
0.0527579
-0.0828059
0.0641373
0.0638962
0.147441
-0.123604
0.130732
0.0510668
0.0639664
0.0643967
0.129988
0.103923
0.1344
0.0327414
0.138541
0.0339288
0.145894
0.0500974
0.145196
0.0515158
0.121335
0.0445303
-0.0580587
0.045762
0.0111975
0.00889162
0.0398102
0.0139503
0.133186
0.129649
0.132938
0.143672
0.116143
0.0311602
0.00706562
0.0227561
-0.00877736
0.0126377
0.0290148
0.098393
0.114976
0.129024
0.147558
0.0963734
0.0983138
0.13755
0.129111
0.130476
0.127167
0.110692
0.0251547
0.0197677
0.0137586
0.0133591
-0.0150049
0.0388518
0.111642
0.105673
0.103764
0.145544
0.125665
0.13646
0.117803
0.109924
0.127292
0.134455
0.123201
0.12529
-0.0241612
-0.040241
-0.0113203
0.0185738
-0.0200235
0.0379002
0.142609
0.151291
0.139472
0.100826
0.103679
-0.0704784
-0.0337109
0.0226057
-0.00586641
0.00859842
0.140902
0.111977
0.0426818
0.0417007
0.0309751
0.123108
0.136295
0.145032
0.143412
0.149685
0.141965
0.121105
0.0516422
0.0503947
0.0140317
-0.0162124
0.0204251
0.148172
0.132892
0.143129
0.153836
0.147843
0.146571
0.139902
0.0523987
0.00270312
0.0362229
0.0103875
0.0249938
0.144993
0.141004
0.122751
0.143621
0.0825238
0.134665
0.144739
0.150672
0.15067
0.143715

0.0748138
-0.0411522
0.1277
-0.0740399
0.0611671
0.107785
0.0201673
-0.0907187
0.0546113
0.0540978
0.0399299
-0.0301556
0.0903456
0.0306547
0.101203
-0.0371617
0.145591
-0.18403
0.0735173
-0.137345
0.108367
-0.13025
0.139202
-0.108857
0.116502
-0.0514279
0.00640191
-0.122785
0.00273238
-0.143765
0.0830558
-0.0499544
0.0856974
-0.00841537
0.0643305
-0.0273441
0.136985
-0.127839
0.141958
0.0774849
0.059045
-0.131368
0.0627551
-0.0919506
0.0609991
-0.054298
0.117077
-0.0292481
0.133062
-0.0271808
0.0678836
-0.100518
-0.0846373
-0.158739
0.114639
-0.139776
0.104841
-0.155025
0.121696
-0.0770145
0.0938677
0.00494449
0.0621086
-0.0711134
0.0791932
0.0623728
0.109231
-0.0659413
-0.0417814
-0.0855012
0.0587567
-0.129846
0.0460265
0.0563201
0.0664398
-0.0937946
0.070317
-0.13327
-0.040915
-0.118265
0.026996
-0.0800309
0.059522
0.0705322
0.128009
0.0528289
0.129213
0.0600192
0.12665
0.0394316
0.0687329
-0.00504228
0.0836725
0.0243806
0.116979
-0.0187418
0.0167209
-0.00474993
-0.103698
0.1351
-0.0701379
0.12818
0.0844688
0.111538
0.0170834
0.0880152
0.0662666
0.12856
0.0240817
-0.0100377
0.0232416
0.0263615
0.0343105
0.00710725
0.0557569
0.103788
0.1112
0.14065
-0.0276152
0.123649
0.0778751
0.0559227
0.0233887
0.108972
-0.0149248
0.0456099
0.0126123
0.14112
0.00508375
0.146583
0.0539083
0.118856
-0.038199
0.0307143
-0.0164516
0.00568936
-0.0937446
0.114081
0.0999488
0.0972536
-0.0667831
0.146718
0.0293719
0.12011
0.113818
0.112297
0.0832169
0.143187
0.0353566
0.141692
0.0393463
0.139011
0.119018
0.0558346
0.1168
0.148197
0.122476
0.0542827
0.107083
0.011115
0.125518
0.140261
-0.141452
0.0122387
-0.0760941
-0.0201763
-0.126974
-0.0374876
0.09165
0.0952845
-0.122296
0.121563
-0.0448019
0.103918
0.0382732
0.10791
-0.0729402
0.107801
0.11762
0.0390182
-0.0454843
0.067742
-0.0857377
0.0327706
-0.0988486
0.019326
-0.102466
-0.102242
-0.149468
-0.00721207
-0.0526501
0.0906537
-0.00324937
0.0940857
-0.141363
0.105542
-0.0679435
0.111365
-0.0439551
0.107162
-0.0769807
0.0400051
-0.0953994
0.140237
-0.119554
0.13363
-0.145907
0.126641
0.0315533
0.0495653
-0.117211
0.11853
-0.00617714
0.0915301
-0.0981293
0.0238258
-0.068487
0.0702505
-0.0719212
0.00977636
-0.143539
0.0396343
-0.0962457
0.0501847
-0.00936314
0.0204254
-0.0719413
0.0494526
-0.0761595
0.0643303
0.0671408
0.144624
-0.116377
0.131457
0.0411851
0.06652
0.0669208
0.131674
0.107891
0.137825
0.028709
0.130904
0.0327184
0.140839
0.0371676
0.147983
0.0388499
0.135375
0.0541102
-0.0749228
0.0449338
0.00206864
0.0164185
0.0457599
0.0142356
0.134421
0.123879
0.127355
0.146043
0.122784
0.0372521
0.0134918
0.034941
-0.0156495
0.0215858
0.0436511
0.0767094
0.117917
0.127707
0.141081
0.0929782
0.0980341
0.135804
0.124146
0.127212
0.138614
0.122585
0.0365016
0.0120042
0.0149552
0.00920601
-0.0135537
0.0472314
0.11652
0.100945
0.107119
0.146195
0.124718
0.128492
0.0984545
0.119493
0.126596
0.132917
0.127668
0.120499
-0.0266799
-0.0497377
-0.0142422
0.0420932
-0.00416953
0.0313824
0.136158
0.143962
0.129339
0.0995912
0.0815706
-0.060842
-0.0116508
0.0413463
-0.00433165
0.0033954
0.135245
0.113281
0.0508729
0.0444612
0.0126732
0.123429
0.146147
0.145156
0.143791
0.145125
0.144333
0.0991217
0.0550124
0.0408536
0.0146771
-0.0137919
0.0169126
0.144751
0.13735
0.144458
0.149792
0.14303
0.146372
0.140336
0.05285
0.0124674
0.0454624
0.0192269
0.0374803
0.143649
0.141242
0.112798
0.144274
0.0731005
0.128037
0.141504
0.141817
0.141851
0.139605

0.101873
-0.013988
0.129571
-0.0713033
0.0732179
0.104979
0.0160381
-0.0657217
0.0815384
0.0717874
0.0423566
-0.0274012
0.104313
0.0232404
0.0948752
-0.0256425
0.132105
-0.174507
0.0875936
-0.130744
0.110916
-0.129467
0.14337
-0.118497
0.124366
-0.0519534
0.0119101
-0.133613
-0.00555573
-0.154043
0.0918996
-0.0592563
0.103922
-0.00498554
0.0694419
-0.0516001
0.146215
-0.123446
0.138605
0.0600078
0.0570196
-0.137945
0.0560166
-0.0895244
0.0815364
-0.079942
0.112597
-0.0287199
0.144428
-0.0192552
0.0607239
-0.102941
-0.091974
-0.145235
0.116506
-0.131219
0.110172
-0.144057
0.107547
-0.0690451
0.0832803
0.0210692
0.0597389
-0.0946265
0.0757
0.0450056
0.137476
-0.0994459
-0.0447568
-0.0742254
0.0577128
-0.127097
0.0362205
0.0774686
0.065003
-0.123701
0.076647
-0.145679
-0.0755589
-0.129609
0.0569727
-0.0885414
0.0487436
0.0634868
0.138825
0.0707639
0.139211
0.0275657
0.120472
0.0508468
0.0528915
0.00500126
0.0987129
0.0182457
0.120374
-0.0208062
-0.00232588
-0.00514449
-0.100584
0.132426
-0.0689581
0.141247
0.0786811
0.106747
0.0233772
0.075128
0.0643666
0.136538
0.0261525
-0.00819747
0.0103175
0.0160898
0.0357812
0.00118309
0.0573762
0.117181
0.110072
0.132328
-0.0215927
0.133894
0.0801014
0.0536412
0.00450037
0.111977
-0.0178226
0.063522
0.00292152
0.144175
-0.00512111
0.146294
0.0758164
0.120531
-0.0299233
0.0270236
-0.000297927
-0.000954973
-0.0736355
0.120226
0.102194
0.0991429
-0.0461048
0.149821
0.0486239
0.122395
0.127045
0.120801
0.0756009
0.145903
0.0259699
0.142485
0.033509
0.120391
0.115622
0.055199
0.114375
0.145917
0.117946
0.0552811
0.113385
0.00167955
0.119783
0.146886
-0.146468
0.0216098
-0.0908448
-0.0212634
-0.138027
-0.061373
0.0896259
0.0892766
-0.128445
0.129795
-0.0457849
0.0948888
0.0341332
0.0968839
-0.0840534
0.121371
0.0953552
0.0518954
-0.00682459
0.0767883
-0.100302
0.0439643
-0.134821
0.020199
-0.10527
-0.0992225
-0.158342
-0.0089188
-0.0454135
0.0865118
0.00908004
0.0993533
-0.1278
0.108537
-0.0667799
0.12353
-0.0350605
0.115363
-0.096193
0.0593723
-0.113519
0.142162
-0.144869
0.136583
-0.163682
0.133148
0.016552
0.0595881
-0.102696
0.118861
0.00803797
0.0811287
-0.0882387
0.029202
-0.083968
0.0676289
-0.0790777
0.00805272
-0.160414
0.0506327
-0.103056
0.0388069
-0.0180576
0.0216712
-0.064932
0.0511987
-0.0889754
0.0678275
0.0733526
0.149031
-0.109599
0.130108
0.0709024
0.0553888
0.0793049
0.136294
0.0981228
0.13829
0.0133944
0.137929
0.0323786
0.1447
0.0702388
0.145171
0.0362086
0.130612
0.053532
-0.0792966
0.0442706
-0.0142396
0.0121677
0.029546
0.0203091
0.138539
0.117972
0.134178
0.141632
0.122201
0.0408507
0.0173905
0.0140698
-0.0209314
0.00171451
0.0526719
0.0708302
0.103833
0.129332
0.150858
0.101655
0.0970098
0.137297
0.125051
0.141747
0.137455
0.117966
0.0318563
0.00040113
0.0150596
0.00027091
-0.00416093
0.0529458
0.120891
0.101781
0.114903
0.143636
0.123893
0.137633
0.107141
0.125576
0.12947
0.143856
0.126118
0.131629
-0.014575
-0.0473529
-0.0176157
0.0410583
-0.0132382
0.0347582
0.149092
0.153427
0.141263
0.116258
0.0974177
-0.0682995
-0.0232668
0.0405919
-0.0192923
-0.0067484
0.138998
0.120852
0.0622058
0.0357856
0.023204
0.127988
0.143566
0.137471
0.147234
0.145577
0.142784
0.11895
0.0618865
0.0458419
0.00292452
-0.00142277
0.0221502
0.142832
0.132775
0.143868
0.148839
0.146612
0.146948
0.143771
0.0516908
-0.00565203
0.0188287
0.0145396
0.0420493
0.143235
0.14374
0.12107
0.150713
0.0657112
0.125744
0.144436
0.150592
0.147429
0.144701

0.0749425
-0.00272172
0.116188
-0.0702845
0.0634131
0.103631
0.0163815
-0.0709123
0.0537665
0.0525115
0.0395713
-0.0294085
0.0773538
0.0214949
0.0893208
-0.0245213
0.13284
-0.188009
0.0962176
-0.106364
0.100516
-0.136566
0.130161
-0.115576
0.118104
-0.0495802
0.0114311
-0.147045
-0.00344372
-0.160488
0.0728258
-0.054039
0.0779075
0.0198725
0.052347
-0.018589
0.134429
-0.119586
0.133931
0.0568162
0.050952
-0.119086
0.0560374
-0.069266
0.0578278
-0.063294
0.108459
-0.0241883
0.134674
-0.0349142
0.0691207
-0.101852
-0.0825752
-0.166249
0.115587
-0.138943
0.102361
-0.155135
0.1144
-0.068061
0.08846
-0.000112451
0.0619876
-0.0822545
0.0867898
0.0590061
0.120635
-0.0752073
-0.0240523
-0.0799364
0.0513891
-0.128004
0.0414977
0.0540555
0.0563273
-0.110975
0.0640629
-0.149647
-0.0392947
-0.122213
0.0329347
-0.092094
0.0468856
0.0703553
0.127526
0.061319
0.132288
0.0421445
0.12181
0.0440598
0.0744544
-0.0292379
0.0978193
0.0293275
0.119954
-0.0137438
0.026525
0.00360049
-0.106031
0.135245
-0.0678117
0.126462
0.0707116
0.103798
0.0346565
0.0865271
0.0671165
0.129408
0.0310363
-0.00864947
-0.00354652
0.0425251
0.0343719
0.0164288
0.0463528
0.122537
0.0950437
0.124825
-0.0289719
0.126746
0.0657178
0.0573044
-0.002588
0.11633
-0.0293796
0.038834
0.00803199
0.135944
-0.00776077
0.138072
0.0689612
0.11553
-0.0518629
0.0499803
-0.0195622
0.0164159
-0.105098
0.106133
0.0874473
0.0890847
-0.0525987
0.138557
0.0299715
0.11461
0.114603
0.1154
0.0573317
0.133959
0.0453911
0.134453
0.0467208
0.131681
0.110735
0.0548187
0.103692
0.144561
0.117149
0.0685959
0.114672
0.0126622
0.118619
0.136138
-0.146707
0.0178984
-0.0669517
-0.0218074
-0.131362
-0.0370454
0.0844089
0.09421
-0.116571
0.127112
-0.0649884
0.0940071
0.0184998
0.0950087
-0.0722199
0.119563
0.10385
0.0432417
-0.0266157
0.0547653
-0.086577
0.029955
-0.112148
0.0177399
-0.117442
-0.0852793
-0.141796
0.00544615
-0.0587127
0.0680484
0.00904694
0.0768051
-0.138624
0.109612
-0.063498
0.120883
-0.0480619
0.108675
-0.0568282
0.0329351
-0.0983903
0.138448
-0.135525
0.127732
-0.147477
0.102434
0.0103304
0.0329011
-0.108696
0.121179
-0.0434364
0.0713334
-0.0867824
0.0242765
-0.0663272
0.0551791
-0.0709039
0.0260062
-0.153154
0.0651208
-0.07448
0.039489
-0.0116085
0.0385655
-0.0680235
0.0498179
-0.0876956
0.0687203
0.0704926
0.136692
-0.121088
0.129318
0.0395203
0.0780392
0.0802675
0.136364
0.0997453
0.13999
0.0280372
0.134345
0.048484
0.139905
0.041667
0.140623
0.0380961
0.131711
0.0448917
-0.076728
0.0435224
0.00548289
-0.00517671
0.0478781
0.0182671
0.132132
0.121004
0.130623
0.140327
0.123978
0.0539246
0.0310642
0.0445243
0.00729008
0.0297368
0.0555359
0.078799
0.109174
0.126971
0.135994
0.102303
0.0922424
0.132826
0.128907
0.134129
0.12782
0.119691
0.0446818
0.0325223
0.0292163
0.0213175
0.0142675
0.0454921
0.107907
0.0997583
0.10913
0.140323
0.121419
0.127701
0.109931
0.118819
0.12634
0.131448
0.120772
0.118055
0.00918967
-0.0182752
0.00280679
0.0388337
0.0168852
0.0335461
0.132614
0.142321
0.131313
0.105428
0.104819
-0.0551275
-0.00644278
0.0385617
-0.000901184
0.000988387
0.130447
0.109324
0.0488341
0.0352241
0.0163877
0.123951
0.137675
0.139183
0.13744
0.142009
0.134153
0.108268
0.051751
0.0437402
-0.00658416
-0.00652889
0.0151087
0.139294
0.124753
0.130565
0.141369
0.130501
0.138219
0.130213
0.0490893
-0.0170336
0.0412377
0.0189299
0.0538821
0.13353
0.137607
0.114485
0.137452
0.0483084
0.131276
0.131727
0.142517
0.137992
0.135405

