0.0677504
0.111397
0.0425718
0.0985905
-0.0716229
0.110579
0.0805432
-0.0343363
-0.0672717
-0.0430159
0.0968762
0.0518714
-0.0342484
-0.11622
0.0458866
0.00251201
0.0220819
0.102633
0.0325785
0.121033
0.0579974
0.0753987
0.0373014
0.0692994
0.013507
0.0653734
0.0886519
0.0925971
-0.0449106
0.107606
0.066395
0.0583212
0.0925508
0.0436578
0.0674859
0.0370596
0.0681727
0.0558708
0.0855819
-0.034834
0.0980271
0.0793573
0.0355032
-0.0460571
0.0790417
-0.0451465
0.0890035
0.0985177
0.0874228
-0.0539909
0.0772085
0.0952373
0.0801804
-0.0109666
0.00389208
0.0633579
0.00991548
-0.0422042
-0.0333045
0.0689557
-0.0728532
0.107318
0.0267216
0.0923675
0.100392
0.117883
0.0605074
0.0222066
0.0893376
0.0939931
0.0990707
0.0979299
0.00413605
0.0477398
0.107808
-0.0358829
0.054539
0.110413
-0.0207803
0.12389
0.0658257
-0.0909753
0.0672154
0.102136
0.0308102
0.121991
-0.0228689
0.123565
-0.000432464
0.118618
0.0445156
0.0844172
0.0328133
0.0562608
0.067635
0.0790693
0.111331
0.0507361
0.0688532
0.00530768
0.0218455
0.0840132
0.0351406
0.108311
0.0571413
0.0833616
0.01422
0.0892774
0.10004
0.0846409
0.0990116
-0.0336468
0.106364
0.0803121
0.0350355
0.0380477
0.114206
0.0337545
0.106528
0.0799783
-0.027361
0.0740773
0.133365
0.0381156
0.0908801
-0.0234312
0.102883
0.109896
0.096731
0.00959299
0.0779115
0.0403404
0.0722401
0.0828165
0.0946001
0.0845041
0.0953685
0.103756
0.0796748
0.0341081
0.0535329
0.104246
0.108753
0.0790956
0.0605806
0.0200698
0.0112075
0.0399079
0.0488776
0.103556
0.0603229
0.0932961
0.0284429
-0.00779086
0.0163124
0.0268321
0.0810945
0.0858145
0.118425
-0.045913
0.0777696
0.0612384
0.0397778
0.113658
0.0677167
0.0639084
0.101887
0.104937
0.114629
0.0814491
0.0988726
0.0944991
-0.00606448
0.0456337
0.102251
0.0423086
0.0908644
-0.0302984
0.0647635
0.0654739
0.0655227
0.0982898
-0.0180924
0.0757464
0.110565
0.0513399
-0.0550951
0.0114407
0.0617238
0.0918279
0.074106
0.0557213
0.0807551
-0.0679937
0.0278103
0.0524784
0.085043
0.0898417
0.0592526
0.0469518
0.0615846
0.0782699
0.0863651
0.106627
0.047988
0.105821
-0.0195863
0.0323723
0.111596
0.0718199
0.113143
0.0249854
0.0183667
0.0931574
0.0637134
-0.0238055
0.0821344
0.105018
0.0566736
0.0972359
-0.0352276
-0.0249557
0.00320858
0.0158511
0.105287
0.102352
0.0862935
0.0533442
-0.161288
0.0756471
0.0462602
-0.00584639
0.0950777
0.118252
0.10059
0.0662006
0.0328831
0.0321517
0.0407803
0.06836
0.104457
0.106119
0.0853205
-0.00322483
0.105032
-0.00414549
0.0829375
-0.0839613
-0.0013707
0.098666
0.0514328
0.102749
0.0964506
0.0986694
-0.0514632
0.0924225
0.0844488
0.114665
-0.023393
-0.0074471
0.0770854
-0.0106019
0.0962234
0.0449751
0.109187
0.0597032
-0.0437458
0.0402533
0.0499201
0.0135765
0.00922163
0.0998032
0.0947093
0.0381619
0.027964
0.0581174
0.0858974
0.107581
0.0556941
0.0149104
0.0803671
0.0753118
0.0681515
0.0618886
0.0758918
0.0584098
-0.0426615
0.0492837
0.0920482
0.0924535
0.0587767
0.0865069
0.0385776
0.0369535
-0.0428724
0.0754969
0.0551206
0.0809085
-0.0085314
0.04002
-0.0427784
0.113958
0.054286
0.0204858
0.0732595
0.115761
0.0224524
0.0585275
0.0233377
0.0893052
0.0746142
0.0828204
0.101731
0.0667223
0.0637678
0.122828
0.0634409
0.089679
0.0920862
0.0105276
0.0540793
0.12043
0.0954821
-0.00595278
0.100692
0.084313
0.098622
0.0632285
0.0623347
0.0933152
-0.00240041
0.0976213
-0.0465079
0.0287339
0.110786
0.0309224
-0.0446428
0.110685
0.0538037
0.0571611
0.107425
0.0902092
-0.00454977
0.110197
0.0577174
0.0580638
0.0760765
0.026958
0.10404
-0.00407231
0.0832984
0.107596
0.0497315
0.0963398
0.045185
0.0517542
0.0519684
-0.0628186
0.0083718
0.0190513
0.0265871
0.0446649
0.0034254
0.02294
0.07103
0.0909118
0.103656
0.0846905
0.0737798
0.0630572
-0.108693
-0.060828
0.0813804
0.102516
0.0467527
-0.0497274
0.0864674
0.0926274
0.0601819
0.0155933
0.108314
0.0828996
0.0457246
0.056214
0.105575
0.0860849
0.112171
0.0294087
0.0165862
0.081451
0.0832885
0.0550332
-0.00486603
0.0740737
0.0768175
-0.0273146
0.0386444
0.0841117
0.0833748
0.0842668
0.104273
0.0586804
0.0904684
0.0732328
0.0802013
0.0825166
0.106147
0.0782457
0.00414347
-0.0433431
0.0533296
0.112863
0.00286689
0.101848
0.0734459
-0.00252879
0.0785582
0.0947726
0.0645414
0.113473
0.074052
0.108986
0.0564908
0.10629
0.05376
0.0484923
-0.0671794
0.0767269
0.0558656
0.0715691
0.00839857
0.0865267
0.0862228
0.10014
0.0473831
-0.0183586
0.0465643
0.104895
0.075531
0.0824969
0.0302673
0.112985
0.109801
0.0636115
0.106558
-0.138397
0.093047
0.0775141
0.0989199
0.104661
0.0830053
0.102833
0.0765974
-0.0913535
0.114367
-0.0100541
0.0199914
0.0966003
-0.0227995
-0.0284403
0.0202007
0.0781752
0.04765
0.10101
-0.00712457
0.0635177
0.0512569
0.09614
-0.00537663
0.0472869
0.0806652
0.0915289
0.0973116
0.0795031
0.103038
0.0282986
0.0607706
0.0734459
0.0554795
0.0428448
0.0636207
0.0883024
0.0964357
0.0725343
-0.0342351
0.0568467
-0.00160393
-0.045609
0.112413
-0.0101434
0.100408
0.0753776
0.0938843
0.0440823
-0.0688076
0.0288983
0.111262
0.105222
0.00367632
0.0611875
0.0813996
0.108676
-0.0291899
0.0647438
0.0989657
0.0543463
0.0718165
0.0869587
0.0559378
0.0338318
0.0276809
0.0566887
0.0394395
0.0969241
0.102874
0.0926699
0.0221488
0.0798177
0.0130955
-0.0518527
0.0865843
0.116266
-0.0544414
0.0851718
0.100977
0.0831597
0.0914024
0.0976481
0.0956765
0.0842823
0.105996
0.0588507
0.0106857
0.000551166
0.0462254
0.0229198
0.0493813
-0.0614756
0.0723793
0.0311625
0.0448749
0.10196
0.00913751
0.0609614
0.11538
0.0344967
-0.0158204
0.0921378
0.0411361
0.0184368
0.10493
0.0992246
0.0402275
0.115025
0.0969156
0.0457938
0.102714
0.064525
0.00710663
0.0610142
0.0782974
0.0128443
0.109833
0.0957147
0.0728192
0.0838049
0.105689
0.0465098
0.107906
0.0946201
0.0893023
0.0466912
0.109958
0.0951272
0.0178738
0.0627087
0.0301764
0.0598982
0.0738226
-0.0716878
0.0295661
0.0906674
0.00307905
0.0858433
-0.0608302
0.0937747
0.0876
0.0915876
0.0215524
-0.0437567
-0.00248245
0.0660026
0.104843
-0.0274533
0.0379891
0.0251042
0.0107807
0.0412116
0.0648259
0.0676001
0.106335
-0.000268846
0.099757
0.0633483
-0.00820155
0.102345
-0.0171971
0.0916161
0.0602198
0.0700215
0.0892872
0.0533788
-0.0109401
0.0793556
0.0512959
0.115977
0.0770278
0.0627616
0.0156224
-0.00224015
0.0811719
0.00271652
-0.0425882
0.0819051
0.0890632
0.0515505
0.0739498
0.0727891
0.102414
0.0918254
0.0834773
0.102462
0.113143
0.0777705
0.0622242
0.0485772
0.0956714
0.107963
0.0607919
0.0800182
0.077509
0.113146
0.0881286
0.00778754
0.0934953
0.0161307
0.0600117
0.0473736
0.0413242
0.0933626
0.104741
0.117564
0.102861
0.105875
0.109136
-0.0112084
0.0853157
0.0228427
0.00366501
0.033683
0.0392298
-0.0432906
-0.0343805
0.0443117
0.0712803
0.0817428
0.0130536
0.0632746
0.0516041
0.053631
0.0590595
0.0956966
-0.00969771
-0.0330741
0.00398451
0.0614599
0.0323769
0.0792455
0.0804071
0.0413351
0.0562443
0.0480393
0.0782548
0.102786
-0.0663255
0.109892
0.0911024
0.0937891
0.0717762
0.0242507
0.0626063
-0.0454803
0.099135
0.0395379
0.0908209
-0.0440017
0.096207
-0.00963292
0.0618081
0.0612932
0.112942
0.0870417
0.030951
0.00422667
0.103153
0.0651476
-0.0762156
0.0172916
0.068723
0.0908524
0.0138648
0.114152
0.040927
0.0379114
0.110015
-0.0444007
0.0450917
0.0177775
0.069845
0.0925843
0.0844817
0.0816227
0.097362
0.0842559
0.0591841
0.0993916
0.112767
0.103004
0.0505977
0.0844777
0.117069
0.0609378
0.0535896
0.0990779
0.0647883
0.105058
0.0826155
0.0633464
0.0847402
0.0805838
0.0131693
0.086976
0.104579
0.0529343
-0.0314262
0.0261712
0.0381315
0.0221599
0.0722334
0.0518059
0.0339591
0.113174
0.114714
-0.0432679
0.0826617
0.0562199
0.0649523
0.0611737
0.0933639
0.00328636
0.0848456
0.053904
0.050464
-0.0350381
0.130953
0.104369
0.069163
0.123012

0.0765956
0.103595
0.0261591
0.101592
-0.0934419
0.128466
0.0746619
-0.016915
-0.116908
-0.0575406
0.112561
0.0628818
-0.0374084
-0.133524
0.0418674
0.0170065
0.026191
0.118717
0.0104587
0.1199
0.0643036
0.0775741
0.0308623
0.0743585
0.0307631
0.0724919
0.100855
0.0988471
-0.024877
0.108544
0.0487664
0.0592187
0.0888727
0.0710076
0.0628309
0.0577883
0.0707534
0.0724944
0.0983537
-0.0325438
0.0789535
0.0918613
0.0578414
-0.0757156
0.0885954
-0.0389513
0.0883446
0.0903495
0.101496
-0.065373
0.0706699
0.0944426
0.0979803
-0.0293992
0.0261672
0.0651259
0.00152079
-0.043836
-0.0254688
0.0788941
-0.0763502
0.110463
0.0431213
0.0761209
0.117845
0.115034
0.0694348
0.0206549
0.0908318
0.0883073
0.107817
0.089582
0.0124396
0.0611216
0.107244
0.00837761
0.0729883
0.119039
-0.00432198
0.117593
0.0671831
-0.0812816
0.0766842
0.111823
-0.00546887
0.120074
-0.0316673
0.117689
0.0133284
0.12514
0.0580008
0.0972202
0.0180966
0.0653664
0.0703871
0.0729125
0.111911
0.0568265
0.0628399
-0.0173516
0.030654
0.0812211
0.0605408
0.112219
0.071996
0.0739535
0.055858
0.0907793
0.108441
0.108269
0.0789521
-0.0302103
0.112615
0.100121
0.0555503
0.0486348
0.12486
0.0588835
0.10603
0.0911689
-0.0494871
0.0885636
0.124246
0.0361089
0.113812
-0.0302333
0.101367
0.115436
0.0801374
0.014603
0.078855
0.0199202
0.0675611
0.0848212
0.0895849
0.092347
0.111124
0.104474
0.0996596
0.0620604
0.0566095
0.111523
0.11448
0.0896887
0.0506917
-0.00246285
0.0220559
0.0501481
0.0503305
0.10367
0.0473327
0.0894302
0.022639
-0.0220831
-0.0160913
-0.00595301
0.0814654
0.0903727
0.115908
-0.0360563
0.0823368
0.0692212
0.0445321
0.122639
0.0824761
0.079202
0.103363
0.115373
0.12504
0.0896308
0.115811
0.0957145
0.0186797
0.0473211
0.0901938
0.0306888
0.10389
-0.0520384
0.0640893
0.0688096
0.0827599
0.0994582
0.0294196
0.101626
0.115419
0.0361814
-0.0709073
0.011392
0.0638692
0.0942786
0.097572
0.0693189
0.0937465
-0.0894314
0.0571474
0.0645992
0.104887
0.087494
0.0831929
0.0460119
0.0853305
0.102595
0.0989045
0.0975501
0.0429818
0.110236
-0.0509287
0.0254032
0.119561
0.0688359
0.108616
0.0220152
0.00800459
0.076576
0.0719896
-0.00252088
0.0864275
0.0996096
0.0638129
0.11796
-0.0501434
-0.00515649
0.0168926
-0.00594527
0.104278
0.104837
0.111433
0.0594685
-0.169944
0.0522151
0.0541533
-0.00676808
0.090694
0.127542
0.0972997
0.0641861
0.0205484
0.0326372
0.0477831
0.0618665
0.115351
0.113968
0.0885702
0.0202477
0.100275
-0.0175111
0.0929732
-0.105973
0.0306653
0.110205
0.0785564
0.114526
0.09808
0.118358
-0.0388129
0.110347
0.0945265
0.109638
-0.0524515
-0.0309622
0.0489273
0.0138348
0.11885
0.0377769
0.119381
0.0663931
-0.0220925
0.0519642
0.077415
0.0203149
-0.0171838
0.0906852
0.109409
0.0207727
0.0306855
0.0379302
0.0929563
0.107691
0.05237
0.036018
0.0875016
0.0805236
0.067672
0.0768883
0.0857562
0.0552331
-0.0412102
0.0416092
0.0861617
0.0919068
0.0794726
0.106097
0.0548459
0.0414817
-0.0181471
0.0800601
0.0297772
0.0767205
-0.0043762
0.0138601
-0.0260064
0.0950348
0.0674972
0.00397537
0.0798536
0.111627
0.0252129
0.0633585
0.0370366
0.0917084
0.0780803
0.0948853
0.0906775
0.0904271
0.0579561
0.127044
0.0701608
0.08012
0.0945647
-0.0114996
0.0652463
0.12294
0.101481
0.00514542
0.113256
0.0725042
0.114665
0.0539496
0.0593206
0.0975414
0.0122795
0.107163
-0.0276818
0.0453952
0.116871
0.00439882
-0.0199841
0.116481
0.0542897
0.0744025
0.102068
0.100777
0.0288629
0.117053
0.0451289
0.0528502
0.0782107
0.0282715
0.104464
0.0138016
0.104354
0.121524
0.0487354
0.100014
0.0707433
0.0564605
0.0665341
-0.0736187
0.0257714
0.00413122
0.00413265
0.0466003
-0.00489611
0.0335833
0.0796421
0.105679
0.11742
0.102059
0.0832916
0.0316015
-0.121493
-0.0807646
0.0996387
0.106793
0.0685871
-0.0474708
0.0915251
0.104411
0.0454347
0.0172995
0.101331
0.098933
0.0562363
0.0708057
0.0942934
0.0827064
0.110702
0.0314099
0.00712431
0.0966296
0.084225
0.0628512
-0.00290474
0.0845587
0.0942781
-0.0060792
0.0520166
0.0962898
0.0856526
0.0616453
0.116368
0.0554338
0.0839397
0.0776604
0.0754006
0.0731554
0.111617
0.0937918
-0.0252591
-0.0808189
0.0757705
0.112433
0.0195792
0.0920283
0.0796189
-0.0110203
0.0808971
0.101632
0.055895
0.099499
0.0665758
0.110365
0.0695804
0.119071
0.0463775
0.045623
-0.0627358
0.0625386
0.0531039
0.07278
0.0195763
0.102817
0.0939851
0.115643
0.0643549
-0.00424725
0.0518912
0.109494
0.0830426
0.0941682
-0.00027579
0.113242
0.111955
0.0605378
0.123092
-0.146848
0.0993493
0.0828022
0.10918
0.101818
0.0775058
0.109302
0.0826037
-0.0976992
0.107041
0.00612192
0.00569328
0.0989423
-0.0249162
-0.0230663
0.0256758
0.0743321
0.0523289
0.102241
-0.00290983
0.056391
0.0669888
0.102202
0.0174648
0.0374307
0.0876599
0.0930224
0.1126
0.0821676
0.111036
0.0326089
0.0734202
0.0807849
0.066847
0.0337564
0.0601243
0.0920144
0.103001
0.0955297
-0.0284579
0.0569792
-0.0114904
-0.0753404
0.125109
-0.0289352
0.108749
0.0944547
0.105303
0.052285
-0.0781394
0.0303474
0.130079
0.103859
-0.0401708
0.0588871
0.0911592
0.117921
-0.00777412
0.0825037
0.0926365
0.0662788
0.049286
0.0791312
0.0549452
0.0279135
0.0498932
0.0429086
0.0427043
0.106021
0.100555
0.0896463
0.0264243
0.0830061
0.0254904
-0.0403521
0.0797666
0.109545
-0.0637213
0.0847119
0.106444
0.0853822
0.0830768
0.0916328
0.0926923
0.0881293
0.0995884
0.0553743
0.0183043
0.0173428
0.0427598
0.0240647
0.0842077
-0.0556176
0.0766836
0.0350622
0.0511288
0.101062
0.00578942
0.0684575
0.116888
0.0244543
-0.0319952
0.106669
0.034497
-0.00643094
0.1139
0.102906
0.0443558
0.118531
0.105856
0.0628019
0.109131
0.0640207
0.00652694
0.0749294
0.0717701
-0.0086813
0.107861
0.0829861
0.0999406
0.0939924
0.110598
0.0514957
0.101664
0.0979234
0.101549
0.0673618
0.10141
0.109429
0.0404136
0.0432099
0.0318408
0.0809171
0.085131
-0.106705
0.0425196
0.0962761
0.00675479
0.101211
-0.0436556
0.0973458
0.0889363
0.115019
0.00240459
0.00219633
-0.0284477
0.056118
0.108656
-0.000250038
0.0571917
0.0219271
0.00245121
0.047241
0.0535179
0.0554253
0.109099
0.0252281
0.0807701
0.0418769
-0.0022504
0.0994776
-0.00564413
0.0897674
0.0476872
0.0803947
0.0943994
0.0569256
0.00602968
0.0798943
0.0421193
0.12638
0.102276
0.0701993
0.00369265
0.0230415
0.0877084
0.0368936
-0.0228558
0.0867167
0.116067
0.0580371
0.0945416
0.0937306
0.107416
0.0921013
0.104113
0.102825
0.112694
0.072582
0.0693571
0.050557
0.106094
0.114982
0.0711514
0.0764806
0.0902159
0.119925
0.0884984
0.0111025
0.101544
-0.0021565
0.0679541
0.0413603
0.0512769
0.117202
0.0958244
0.122404
0.105006
0.104413
0.113669
-0.0341632
0.0828857
0.0266705
0.00475501
0.0527011
0.0293454
-0.033534
-0.0274342
0.0446843
0.0863464
0.091605
0.0161367
0.072695
0.0634861
0.0568223
0.0560319
0.106337
-0.0209369
-0.0375533
0.00314265
0.0429864
0.0453803
0.104955
0.0964452
0.0576547
0.0586789
0.0258531
0.0769586
0.116373
-0.0680693
0.0932489
0.10199
0.106631
0.0702019
0.0213228
0.0605863
-0.0351532
0.0961164
0.0335692
0.108652
-0.0289776
0.0890595
0.0189076
0.0902746
0.0514033
0.104371
0.077212
0.0156075
0.0155963
0.108375
0.0743611
-0.0905287
0.0362528
0.0660585
0.104625
-0.00574721
0.105808
0.0502812
0.0445059
0.11658
-0.0230528
0.0578993
0.0175984
0.0807951
0.0828035
0.102621
0.093757
0.0879804
0.0921118
0.0925487
0.0960555
0.111192
0.0947867
0.036678
0.0997365
0.112299
0.0753047
0.0364932
0.102173
0.062031
0.121232
0.077701
0.0673564
0.0981078
0.10279
0.00936391
0.0874352
0.106362
0.0577387
-0.0201218
0.0339528
0.0272195
0.0301957
0.0525824
0.0521602
0.047988
0.109692
0.118719
-0.072712
0.0745322
0.0537556
0.0729626
0.0712689
0.119042
-0.0202194
0.100028
0.0348805
0.067005
-0.0423995
0.124308
0.105899
0.0891664
0.124278

0.0793642
0.100305
0.020969
0.104796
-0.0879995
0.106507
0.0754511
-0.0180191
-0.0657301
-0.0721355
0.0795364
0.0454757
-0.0399508
-0.0773253
0.0444432
0.00691041
0.00225675
0.102011
0.0264846
0.119354
0.0503872
0.0702366
0.0256525
0.0775579
0.00808833
0.0609267
0.0948616
0.0822482
-0.042195
0.0971132
0.0649657
0.0530729
0.0863826
0.0494786
0.0617614
0.0464533
0.0709472
0.0797765
0.098926
-0.0295423
0.0807664
0.0901791
0.0396519
-0.0605196
0.0813463
-0.0478339
0.0946757
0.0808439
0.0841339
-0.0801098
0.0658737
0.0806014
0.0930504
-0.0161456
0.0246228
0.0316819
0.00956811
-0.00908018
-0.0520238
0.0629544
-0.0764421
0.104249
0.0413455
0.0875332
0.106864
0.111842
0.079279
0.0092501
0.0812816
0.0828306
0.102452
0.0957383
0.00552595
0.0369197
0.103273
-0.0157841
0.0617816
0.11306
0.0110592
0.129623
0.055327
-0.0890095
0.0674734
0.103046
-0.005491
0.126445
-0.0108943
0.12152
0.0131837
0.122588
0.0334769
0.0910255
0.0281085
0.0474756
0.0636306
0.0749212
0.112843
0.0474399
0.0745346
-0.0218781
0.0268172
0.0759083
0.0593613
0.109044
0.0526363
0.0746658
0.0259594
0.0903708
0.102097
0.0976215
0.0841087
0.00480272
0.112377
0.0869833
0.0450876
0.0222972
0.116415
0.0405931
0.109813
0.0664014
-0.0368957
0.0916703
0.127178
0.0276931
0.0978089
-0.0355209
0.101736
0.110811
0.0846528
0.0126767
0.0662837
0.04357
0.0687353
0.0806747
0.0838282
0.088611
0.102467
0.101199
0.097566
0.0457102
0.0385361
0.103837
0.111336
0.0722126
0.0378348
-0.0144473
0.0134668
0.0536345
0.0471998
0.103384
0.0691763
0.0913074
0.0318107
0.00767531
-0.00547701
0.00193412
0.0786849
0.0839614
0.11125
-0.0253656
0.066731
0.0734469
0.0265668
0.118801
0.0815276
0.0837476
0.0962165
0.110379
0.118995
0.0787448
0.106549
0.106218
0.0215018
0.0470643
0.0918549
0.0471024
0.0881215
-0.0671853
0.0608151
0.0651617
0.0760908
0.0930502
0.0173172
0.0780427
0.112798
0.0447987
-0.0451196
0.0111395
0.0838857
0.0945176
0.0761203
0.0666164
0.0930616
-0.0784768
0.0351192
0.0619309
0.0845403
0.0869598
0.0601704
0.048382
0.076104
0.0871956
0.101112
0.0948716
0.0352503
0.104373
-0.0156063
0.0117828
0.114499
0.0690794
0.115705
0.0261509
-0.00130769
0.0910971
0.0756784
-0.00526594
0.0843462
0.105769
0.0634271
0.107395
-0.0361065
-0.0288485
0.0200239
0.0287503
0.0920548
0.0928956
0.087009
0.0663689
-0.141438
0.0596726
0.046877
-0.010027
0.0793672
0.113238
0.100837
0.0588881
0.025149
0.0240614
0.0607818
0.0476072
0.10791
0.103758
0.0828504
0.0227026
0.0966064
-0.0133149
0.0744477
-0.0984773
0.0250247
0.10172
0.0727724
0.109013
0.0952625
0.10594
-0.0561097
0.106454
0.0919173
0.113945
-0.0155059
0.00308997
0.0593643
0.0145182
0.115295
0.0336639
0.116239
0.072339
-0.00529863
0.0497306
0.0621102
0.0361013
0.0100326
0.0805438
0.08725
0.0269917
0.00074662
0.0755501
0.0987013
0.107892
0.0525721
0.0115704
0.093383
0.0772598
0.0595423
0.0715302
0.0816802
0.067947
-0.0292678
0.0409023
0.0807097
0.087739
0.054916
0.0980168
0.0425577
0.0498262
-0.0311746
0.0961796
0.0559488
0.0747005
0.0176884
0.0288958
-0.0184452
0.110455
0.0526094
0.00191231
0.0738683
0.104715
0.0197586
0.0448289
0.0362375
0.0876691
0.0677447
0.081844
0.0907318
0.0807167
0.071445
0.128548
0.0543996
0.0832503
0.096412
-0.00935517
0.0518141
0.120539
0.0983869
-0.0044517
0.0891746
0.0636132
0.112498
0.0394745
0.0652377
0.0928148
0.00933906
0.104451
-0.0250909
0.0125393
0.115237
-0.0141056
-0.0206217
0.117844
0.0613875
0.0723881
0.0943239
0.0986197
0.0269267
0.108109
0.0534935
0.0387627
0.0863931
0.0311525
0.106892
0.00174617
0.0846201
0.101677
0.055084
0.100411
0.0610281
0.0504313
0.0536649
-0.0470054
0.0138989
0.0192272
0.0232559
0.0545998
-0.0305562
0.00636675
0.0754197
0.0962004
0.107854
0.0803034
0.0837934
0.0416993
-0.110035
-0.10159
0.0845933
0.103682
0.066712
-0.0516466
0.0796631
0.101618
0.0400046
0.00374637
0.114629
0.0735137
0.0234753
0.0619626
0.0998494
0.0773562
0.117432
0.0180394
0.0204152
0.105599
0.0785498
0.0517644
0.0025167
0.0717328
0.0720894
-0.0113878
0.0511068
0.0775247
0.0784498
0.0623619
0.099463
0.0377371
0.0829265
0.0575535
0.0820787
0.0815512
0.105681
0.0918252
-0.0183792
-0.0359784
0.0678836
0.121848
0.00713922
0.0899915
0.0702394
0.000935359
0.0901266
0.101233
0.0486501
0.0988358
0.0643446
0.105445
0.0425699
0.114801
0.061524
0.0368654
-0.0612455
0.0634092
0.0417389
0.0672911
0.0283408
0.100271
0.0874231
0.0926759
0.0361869
0.00892993
0.0387052
0.110524
0.0469742
0.0744726
0.0173027
0.107692
0.106039
0.0677496
0.106407
-0.149923
0.0930146
0.0735822
0.0948992
0.111231
0.0838471
0.105824
0.0677763
-0.0989946
0.113814
0.011422
0.0203163
0.107504
-0.0161402
-0.02007
0.0331082
0.070835
0.0512592
0.0999991
-0.00573562
0.0472468
0.0485976
0.100605
0.0170273
0.0451989
0.0906624
0.0785924
0.100411
0.0696814
0.102072
0.0281421
0.0838548
0.0756469
0.0665474
0.0247573
0.0496179
0.0882027
0.103305
0.0785945
-0.00756322
0.0458148
0.00982485
-0.0737386
0.113696
-0.0225087
0.111437
0.0861896
0.0974303
0.0628806
-0.0827227
0.0273359
0.112192
0.103604
-0.00867628
0.0620192
0.0761143
0.11062
-0.0261734
0.083469
0.084916
0.0490273
0.0464528
0.0890909
0.0565704
0.0252704
0.0217652
0.0301919
0.0134284
0.10702
0.0975699
0.0965668
0.032952
0.073792
0.00595821
-0.0691649
0.0782563
0.112204
-0.0717653
0.0779534
0.103409
0.082821
0.0737281
0.0969134
0.0859086
0.0854203
0.103841
0.0609546
0.0290543
0.0167744
0.0459796
0.0244697
0.0579547
-0.0746045
0.0591589
0.031855
0.0537579
0.114655
0.0177487
0.0658667
0.116298
0.0203638
-0.010481
0.0923058
0.0415842
0.00393483
0.102425
0.113809
0.0324091
0.126008
0.10952
0.0477555
0.0968195
0.0651532
0.00293035
0.0530428
0.0767882
0.00467881
0.124112
0.0955174
0.0945872
0.0821197
0.103315
0.050812
0.101454
0.0910861
0.0812181
0.0579205
0.106683
0.102392
0.0292292
0.0545168
0.0312821
0.0584256
0.0628973
-0.0617123
0.0184253
0.0950832
-0.0232434
0.0885183
-0.0321141
0.0804153
0.0881908
0.094371
0.0233258
-0.00275855
-0.0068342
0.0753182
0.105229
-0.016233
0.0535626
0.0210619
0.00711417
0.0518883
0.0614996
0.0693667
0.114393
0.0237193
0.0837253
0.0715922
-0.00597328
0.0977809
-0.0319281
0.0860917
0.0376117
0.0569759
0.104751
0.0665241
-0.00691414
0.0919022
0.0479316
0.106827
0.0791254
0.0505895
0.0326114
0.0291465
0.0889684
-0.00657493
-0.0469061
0.06159
0.0926718
0.0541972
0.0759425
0.085057
0.101687
0.0827027
0.087183
0.0967696
0.113827
0.0700659
0.0545575
0.0436688
0.0898101
0.118925
0.0780625
0.0606424
0.0870895
0.104889
0.0911949
0.0217426
0.113826
0.0263322
0.055492
0.0187141
0.0416857
0.098665
0.0934289
0.125877
0.0981611
0.109787
0.105782
0.00465413
0.0703952
0.0160049
-0.0323649
0.0454957
0.0297392
-0.0404158
-0.03589
0.066236
0.0747134
0.0896003
0.0108316
0.0634506
0.0598194
0.0703073
0.0565926
0.0829202
-0.0399659
-0.0801654
-0.0102145
0.053823
0.0361764
0.0960571
0.0896588
0.0463119
0.0478921
0.0240423
0.0670875
0.108015
-0.0894353
0.102512
0.0834867
0.102489
0.0661385
-0.0015531
0.061607
-0.0569069
0.0936719
0.0532584
0.0993507
-0.0161109
0.0926937
0.0223018
0.0626777
0.0519621
0.109473
0.0748709
0.0290928
0.0227911
0.0967489
0.0659917
-0.096129
0.0309065
0.0663205
0.103749
0.0287087
0.0996201
0.0630399
0.0305096
0.106671
-0.0451375
0.0536946
0.0108419
0.0853466
0.0833555
0.0841765
0.0816165
0.092591
0.0807169
0.072019
0.0865508
0.115389
0.100968
0.0374327
0.0907284
0.110186
0.0714248
0.047345
0.0975532
0.0558769
0.113492
0.0784354
0.0483403
0.0882627
0.0945574
0.0163511
0.102794
0.110003
0.0412479
-0.0255354
0.0326522
0.0176312
0.0126468
0.0609607
0.0466176
0.0397757
0.106014
0.123207
-0.0436436
0.0843181
0.0570797
0.057633
0.0607928
0.0945157
-0.000204653
0.0967781
0.0477853
0.0644425
-0.0424697
0.118443
0.108515
0.0855534
0.123918

0.0693116
0.096016
0.0240939
0.101199
-0.0704396
0.113638
0.0784604
-0.0236063
-0.11525
-0.0350085
0.0847404
0.0512334
-0.0421883
-0.137721
0.0314885
0.0177016
0.0231666
0.102309
0.0254676
0.117148
0.0486061
0.0715365
0.0132756
0.0739676
0.00461541
0.0584414
0.0773161
0.0847633
-0.0260621
0.0994206
0.0591127
0.0458664
0.0932391
0.0484438
0.0722756
0.0422484
0.0656083
0.0729282
0.0870643
-0.0592963
0.0911353
0.0651896
0.0458294
-0.0814014
0.0850235
-0.0472934
0.0977852
0.0886486
0.0816609
-0.073668
0.0750054
0.0921102
0.101954
-0.00699098
-0.0113199
0.0641939
-0.00278981
-0.0394421
-0.0386075
0.0586508
-0.0554172
0.10109
0.0383713
0.0692203
0.0979632
0.121668
0.0775479
0.00429484
0.0707253
0.0928963
0.106553
0.0913925
-0.00065804
0.0478494
0.0988717
-0.00740863
0.0580312
0.109878
0.000845411
0.120381
0.0658238
-0.0682887
0.0718369
0.0992849
-0.0252724
0.107482
-0.0400048
0.123184
-0.0238992
0.122066
0.060323
0.0911274
0.00366496
0.0601762
0.0578059
0.0701317
0.109541
0.0269951
0.0711454
-0.0265092
0.0123418
0.0799827
0.0386737
0.104185
0.0550867
0.0648206
0.0275257
0.0908543
0.108001
0.0969035
0.090636
-0.0457005
0.106904
0.0963742
0.0483152
0.03876
0.117761
0.0547257
0.101745
0.0860961
-0.0391868
0.069176
0.121617
0.0469922
0.095201
-0.0297772
0.0963819
0.115756
0.0785046
0.0268998
0.0706137
0.0246726
0.0721136
0.0826237
0.0852639
0.0732935
0.100317
0.0988691
0.0928933
0.0363665
0.0602943
0.101827
0.11255
0.0817839
0.0503027
0.024077
0.0276041
0.0432506
0.0469022
0.0917786
0.040922
0.0923162
0.0289734
-0.0281076
-0.0170823
-0.011105
0.0741899
0.0751777
0.116255
-0.0578873
0.0747446
0.0643682
0.0272953
0.114343
0.0832609
0.0577203
0.10947
0.10443
0.11884
0.0951251
0.106299
0.093028
0.0232024
0.0463057
0.0954646
0.0256465
0.0943135
-0.0706817
0.0430984
0.0602643
0.0654133
0.0897164
0.00797764
0.0836676
0.108014
0.025345
-0.0943406
0.00254765
0.0605158
0.0870966
0.0790977
0.0627151
0.0856564
-0.0874401
0.0511481
0.062161
0.0965831
0.0856702
0.0569967
0.033375
0.0658618
0.0747175
0.0975658
0.0864799
0.0355872
0.105829
-0.0226876
0.0157596
0.115251
0.0612347
0.116289
0.00917726
0.00248694
0.0838493
0.0657571
-0.0260575
0.0751015
0.110643
0.0518614
0.0987732
-0.0602941
0.00454745
0.0216174
0.0117162
0.101534
0.0846814
0.0919071
0.0520566
-0.129127
0.0527583
0.0406338
-0.0298556
0.092154
0.121286
0.103376
0.0612675
0.0285445
0.0201158
0.0530511
0.0621656
0.102014
0.10191
0.0871252
0.00962298
0.078035
-0.0152499
0.0869441
-0.0919861
-0.00242385
0.102633
0.0697345
0.111335
0.102147
0.103566
-0.052234
0.0993483
0.0840341
0.10778
-0.0378246
-0.0230932
0.0477972
0.0214771
0.0999142
0.0497698
0.116216
0.0543695
-0.00411065
0.0191042
0.0597926
0.0308237
-0.010777
0.0976521
0.0993522
0.0259738
0.0331088
0.0571598
0.102908
0.106626
0.0533069
0.0148727
0.0806559
0.0660453
0.0475001
0.07368
0.072819
0.0459876
-0.0420769
0.0383722
0.0714907
0.0882852
0.0791894
0.105493
0.0357275
0.0465825
-0.0210318
0.081758
0.0173483
0.0760489
0.0032814
0.0373612
-0.00954559
0.0948
0.0677241
0.00289917
0.0704701
0.11033
0.0294516
0.050405
0.0364063
0.0790702
0.0773693
0.0892688
0.0971114
0.0777401
0.0586755
0.126741
0.0735487
0.083286
0.0767262
-0.0110662
0.069218
0.124168
0.100165
0.000988263
0.0945168
0.0729645
0.104901
0.0480925
0.0583205
0.0979272
-0.0108429
0.108208
-0.0319986
0.0398137
0.101264
-0.0145899
-0.00849121
0.113386
0.0490777
0.0515649
0.102587
0.0928212
0.00626134
0.105846
0.0416749
0.0619354
0.0744924
0.0284884
0.0945442
-0.0129767
0.0776529
0.107536
0.0623643
0.103302
0.0513655
0.0603556
0.0365821
-0.0492985
0.0324161
0.0101149
0.0120756
0.0492697
-0.0297834
0.0300712
0.056182
0.104016
0.114294
0.0719293
0.0887432
0.0348559
-0.106842
-0.0623644
0.0900529
0.101322
0.0495903
-0.0665771
0.0927065
0.106679
0.0304026
-0.0165478
0.105505
0.0781309
0.0189804
0.0609205
0.118823
0.0890137
0.112822
0.018165
0.0197242
0.0921064
0.0754237
0.0499672
-0.010791
0.0832376
0.089113
-0.0275515
0.0374042
0.0701394
0.0823506
0.0665549
0.107556
0.0516268
0.0850916
0.0666408
0.081403
0.0663584
0.103767
0.086112
-0.0162108
-0.0680944
0.066789
0.116625
-0.0122305
0.0977333
0.0840649
-0.0192574
0.0617982
0.0978418
0.0619664
0.109181
0.0630132
0.104295
0.0538235
0.114427
0.0468579
0.0200034
-0.0457643
0.0638313
0.0290374
0.0601084
0.0114546
0.085834
0.0960649
0.0938939
0.0318123
-0.00558391
0.046676
0.102082
0.0734845
0.0765871
-0.0192806
0.117027
0.116478
0.0730576
0.117196
-0.14184
0.104619
0.0824832
0.098627
0.110573
0.0740396
0.104754
0.0724728
-0.0564917
0.111765
0.00925074
0.0307606
0.105436
-0.02716
-0.00453981
0.0287393
0.0661015
0.0410824
0.101683
-0.00175316
0.0624141
0.0611368
0.10723
0.0178544
0.0404346
0.0724322
0.0847683
0.0994541
0.0694609
0.0955929
0.0462744
0.0584915
0.0684943
0.0715132
0.0479809
0.0362244
0.083306
0.109754
0.0781482
-0.0195317
0.0452153
-0.0306615
-0.0743136
0.124173
-0.0195907
0.105489
0.0791742
0.104776
0.0418122
-0.0599746
0.0416557
0.119165
0.104843
-0.0106222
0.0595613
0.0930672
0.104929
-0.0369353
0.0680497
0.0855081
0.0531433
0.0417391
0.0782073
0.043485
0.0439939
0.0435801
0.0224517
0.0385631
0.0995155
0.104842
0.106723
0.0211019
0.0683326
0.0158146
-0.0687973
0.0855754
0.102644
-0.0689593
0.074342
0.105493
0.0716935
0.0725122
0.0881361
0.0950729
0.0844872
0.0929315
0.0424857
0.0229195
0.0214396
0.0470297
0.025675
0.0605563
-0.0565504
0.0569602
0.005394
0.0385123
0.100602
0.00886244
0.0711086
0.105526
0.0256721
-0.031996
0.103162
0.039731
-0.019215
0.109983
0.10756
0.0467491
0.118881
0.101465
0.0467848
0.0926105
0.0687019
-0.00972603
0.0643152
0.0706857
0.00303881
0.110769
0.0992385
0.0864512
0.0768119
0.103107
0.0407309
0.104838
0.0914519
0.0910391
0.0516026
0.116275
0.0959778
0.020415
0.0402503
0.0259852
0.0568791
0.0746923
-0.0710907
0.0249958
0.111451
0.00738733
0.0781752
-0.0727179
0.089933
0.069678
0.103118
0.0145558
-0.0082987
-0.019165
0.0435306
0.10789
0.000990036
0.033851
0.018434
-0.00476918
0.0482106
0.0413676
0.0573713
0.111841
0.0207228
0.0860697
0.0494703
0.0118328
0.103346
-0.0250052
0.0815375
0.0331038
0.0654074
0.0985966
0.0476041
0.00858697
0.088131
0.0364311
0.116951
0.0739393
0.053647
0.016916
0.0123919
0.0724581
0.0109356
-0.0397992
0.0702265
0.102554
0.0534364
0.083862
0.0805375
0.0915817
0.0859513
0.0821783
0.0941038
0.107543
0.0647511
0.0520284
0.0476914
0.0959458
0.107004
0.0614173
0.0642171
0.0949587
0.112737
0.0816681
0.0246673
0.0985317
-0.020368
0.056938
0.0457409
0.0341219
0.0983783
0.102963
0.123369
0.100407
0.10912
0.101574
-0.0397641
0.0717406
0.0110622
-0.00931087
0.0472988
0.0327808
-0.0307615
-0.0285259
0.043302
0.0845452
0.0757671
0.0200637
0.0733841
0.0654432
0.0719306
0.0655373
0.0986062
-0.0158076
-0.046745
-0.000611523
0.0516649
0.0467624
0.0873756
0.08216
0.0500653
0.0631121
0.0312487
0.0599525
0.112882
-0.0371831
0.0931237
0.095737
0.10354
0.0523639
0.0124881
0.0692962
-0.0425226
0.0937387
0.0388375
0.0960527
-0.0557192
0.095955
0.0204072
0.0729842
0.0566105
0.0983787
0.0902721
0.0432058
0.0248578
0.103247
0.0661506
-0.0910276
-0.00438506
0.0689042
0.0922649
0.00442229
0.111299
0.0462592
0.0308199
0.105207
-0.0467048
0.031754
0.00745465
0.0778305
0.0789226
0.100415
0.0794408
0.0855408
0.0855722
0.0751088
0.0846856
0.112987
0.0984969
0.049214
0.0847637
0.11268
0.0696172
0.0403108
0.101334
0.0588005
0.113072
0.0872805
0.0640732
0.0894755
0.0758288
0.00472833
0.0921913
0.105755
0.0447837
-0.0409366
0.0350624
0.0173634
-0.00775119
0.0534624
0.0600774
0.0383087
0.103646
0.126005
-0.0682961
0.0974891
0.0488041
0.0635112
0.0561453
0.0967714
-0.0170275
0.08288
0.0467303
0.0540505
-0.056296
0.12856
0.112871
0.0818105
0.110506

0.0817028
0.121228
0.0346229
0.114603
-0.096876
0.113371
0.0902119
-0.0394717
-0.0954071
-0.0419951
0.0991489
0.0484074
-0.0522822
-0.116192
0.0546386
0.0125455
0.0174404
0.109605
0.0154696
0.126155
0.0632786
0.0733445
0.0278575
0.0808827
0.00369486
0.0672889
0.0857443
0.102078
-0.055402
0.103404
0.0391971
0.0713472
0.0988241
0.0638538
0.0752223
0.0343331
0.0482343
0.0680321
0.0982813
-0.0506546
0.0933649
0.0769416
0.0511233
-0.06982
0.0899386
-0.0700311
0.0957278
0.0950713
0.096418
-0.0676016
0.0855828
0.109099
0.102793
-0.0340552
0.00879982
0.0720408
0.00173258
-0.0349709
-0.0690428
0.0622158
-0.0726916
0.102814
0.034901
0.0844491
0.101099
0.112231
0.0795542
0.00674264
0.0975042
0.0917275
0.0973584
0.0950812
-0.00371731
0.0576585
0.112773
-0.00727383
0.0611636
0.117636
-0.0134701
0.129622
0.0619053
-0.100365
0.0751059
0.108626
0.00818681
0.111145
-0.0173171
0.124372
-0.00693125
0.128613
0.068531
0.104351
0.0314304
0.0437269
0.0762667
0.0758193
0.109942
0.0657997
0.0751706
8.36968e-05
0.00636765
0.0847987
0.0396919
0.114053
0.0528471
0.0812756
0.0307291
0.100362
0.106275
0.0932184
0.100159
-0.00703788
0.110268
0.0948159
0.0716939
0.0433595
0.109724
0.0701476
0.109011
0.0873711
-0.0370928
0.0972899
0.129865
0.0250659
0.0989871
-0.0489727
0.103021
0.115515
0.0954158
0.00237206
0.089234
0.017012
0.0713831
0.0877707
0.098872
0.0888868
0.108006
0.100201
0.0928841
0.0493565
0.0495089
0.10018
0.111111
0.0691909
0.0516577
0.0137609
0.0116217
0.0296929
0.0430899
0.0930695
0.0662262
0.0840907
0.0139353
-0.0168036
-0.0188082
0.01845
0.097703
0.0824978
0.113037
-0.0246094
0.0941965
0.0659258
0.0278468
0.127358
0.0749263
0.0806867
0.111961
0.106337
0.120292
0.104197
0.101311
0.103188
0.00472281
0.0498123
0.100692
0.0518368
0.0997601
-0.0380321
0.0569935
0.0724267
0.061907
0.0909417
0.00525049
0.0808477
0.108073
0.0406656
-0.0728079
0.00582221
0.0662875
0.0988321
0.080245
0.0687208
0.0949227
-0.0878688
0.0539064
0.0706498
0.0995331
0.0877106
0.0677665
0.0391828
0.0887809
0.0909985
0.0943427
0.100437
0.0424725
0.111226
-0.0387252
0.033231
0.124045
0.0808797
0.112426
0.0234962
-0.0108169
0.0853366
0.0650155
-0.014217
0.0873267
0.105628
0.0327534
0.0979247
-0.0505029
0.00381119
0.000425279
-0.00149562
0.110175
0.097794
0.0941259
0.0668946
-0.161568
0.0580469
0.0578538
-0.0209053
0.101653
0.118276
0.102694
0.0652392
0.0324716
0.0306021
0.069208
0.0677889
0.124786
0.108484
0.0788439
0.011333
0.0959719
-0.0238148
0.0763816
-0.0948547
0.0125213
0.102883
0.0690929
0.109188
0.113461
0.107194
-0.0503325
0.120452
0.109571
0.108026
-0.0247026
-0.0197669
0.0595172
0.00418546
0.11801
0.039758
0.109513
0.0566216
-0.0240874
0.0416255
0.057863
0.0105876
-0.0100301
0.107057
0.0955227
0.0590624
0.0198353
0.0589864
0.0998405
0.107725
0.0411082
0.0369492
0.0881781
0.0666019
0.06949
0.0755972
0.0689557
0.0593572
-0.0124312
0.0276417
0.0888432
0.0926676
0.0731994
0.0941412
0.024327
0.0471073
-0.0313628
0.0821581
0.0459593
0.0799802
-0.0068559
0.0195711
-0.0205022
0.115808
0.0710618
0.0137589
0.0756033
0.104289
0.0421247
0.0610156
0.0189302
0.0865583
0.0881352
0.0848091
0.110301
0.0920509
0.0332779
0.127569
0.0809578
0.0971554
0.0955152
0.00634489
0.0753126
0.127361
0.102656
-0.00752344
0.100474
0.0779817
0.0989171
0.0424324
0.0489304
0.0902932
-0.0221701
0.110027
-0.054054
0.0346454
0.113818
-0.000678249
-0.0481257
0.107728
0.0592002
0.0646231
0.109497
0.0962981
0.0253271
0.110337
0.0371339
0.0592649
0.0776238
0.000901749
0.102881
-0.00469079
0.0777163
0.111623
0.0472583
0.110546
0.0519587
0.0561308
0.0564233
-0.0656612
0.0139645
0.00861795
0.0154044
0.0454529
-0.0234913
0.0182204
0.0722109
0.102491
0.107657
0.0880302
0.0891764
0.0399724
-0.109391
-0.0885364
0.0858137
0.102287
0.0588295
-0.0742079
0.097945
0.0970981
0.0455244
0.000243904
0.10637
0.0918263
0.0405611
0.0378651
0.11438
0.102263
0.113267
0.0311707
0.00028879
0.0923423
0.0928009
0.0572806
0.02376
0.0843142
0.0979661
-0.0356796
0.0542508
0.0908048
0.0831558
0.0715048
0.101156
0.0409635
0.0939744
0.0683715
0.0868283
0.0740394
0.0951917
0.0802937
-0.0173165
-0.0541755
0.0914779
0.119976
-0.0167246
0.0971336
0.0719759
0.00105201
0.0606537
0.111575
0.0724437
0.110245
0.0575011
0.113934
0.0697279
0.126535
0.0471078
0.0440073
-0.064695
0.0713357
0.0559057
0.0571406
-0.0178416
0.0997355
0.0947653
0.105108
0.0264612
-0.0252661
0.0429504
0.103141
0.0789597
0.0884988
0.0202259
0.117084
0.112964
0.0569737
0.119879
-0.170925
0.104005
0.0830367
0.107785
0.110745
0.0882463
0.0984194
0.0690011
-0.116138
0.102799
0.0136884
0.00096909
0.111959
-0.0265936
-0.0318934
0.0337184
0.0706562
0.0585743
0.099165
-0.00420527
0.0745601
0.0668664
0.101861
-0.00860546
0.0426213
0.0894522
0.0915668
0.10315
0.0803937
0.105639
0.0306072
0.0740759
0.0813673
0.0682211
0.0282858
0.0610345
0.0881386
0.102763
0.0846806
-0.0319088
0.0302024
-0.0140494
-0.0917866
0.118874
-0.0352519
0.108704
0.0888115
0.101566
0.0368207
-0.0761122
0.0252062
0.114413
0.112818
-0.0160733
0.0716587
0.093986
0.118233
-0.0189185
0.0763509
0.0979416
0.0458913
0.0567063
0.0865146
0.0679123
0.0227394
0.0485463
0.0413182
0.0248205
0.0967363
0.103416
0.109768
0.0251292
0.0864334
0.00405615
-0.0678434
0.0898643
0.124443
-0.0781726
0.0750817
0.0981773
0.0880784
0.0956438
0.0965776
0.0951126
0.0795603
0.0922508
0.0540417
0.0242443
0.0166291
0.0433107
0.0119491
0.0579711
-0.0613801
0.0656809
0.0452756
0.0365012
0.110324
0.00887673
0.0745832
0.123421
0.0167395
-0.0247562
0.104077
0.0436262
0.0246091
0.12483
0.114304
0.0303142
0.126936
0.105561
0.0584668
0.103256
0.0552468
0.00575793
0.0438179
0.0677092
-0.0141711
0.119153
0.0891472
0.0898987
0.0893292
0.110117
0.0432569
0.106697
0.0913714
0.0865334
0.0490565
0.1089
0.0952731
0.0102746
0.057326
0.0385138
0.0640963
0.0665489
-0.0812298
0.042254
0.0944615
-0.0139424
0.083462
-0.0562039
0.0905317
0.0705059
0.103776
-0.0102393
-0.0196556
0.00244307
0.0737324
0.100398
-0.0185294
0.0571836
0.0174709
-0.00324479
0.0338381
0.0549758
0.0652478
0.109519
0.00970393
0.0914058
0.0569445
-0.0162939
0.098604
-0.0315917
0.099476
0.0420323
0.0881203
0.104517
0.0653931
0.0068118
0.100596
0.0316896
0.114581
0.0843358
0.0610467
0.0101236
-0.00977797
0.0853704
-0.0122286
-0.0528238
0.078168
0.101496
0.0776568
0.0838405
0.0830859
0.0869777
0.0894777
0.086898
0.0989606
0.107996
0.0698621
0.0552292
0.0307888
0.0893622
0.106062
0.0685662
0.0856775
0.0771295
0.116641
0.0878278
0.0132255
0.100891
0.0132199
0.0796146
0.0235818
0.0364956
0.0996598
0.113956
0.122714
0.105326
0.101629
0.106863
0.00252253
0.0839981
0.0135003
-0.00819537
0.0317798
0.0250167
-0.0443426
-0.0269321
0.0401167
0.0891361
0.0858048
0.025958
0.068011
0.0591507
0.057465
0.0738238
0.103728
-0.00549656
-0.0482457
-0.0074979
0.0601344
0.0361438
0.0830888
0.0920078
0.0587244
0.0639634
0.0454896
0.063278
0.119347
-0.076668
0.0999619
0.0916272
0.120521
0.0707093
0.00174708
0.065061
-0.0549411
0.0907037
0.0622108
0.101193
-0.0234404
0.106807
0.00137031
0.0847684
0.0658476
0.105997
0.0880742
0.0347704
-0.011126
0.104123
0.0882121
-0.0917637
0.0249212
0.0646043
0.0792379
0.0219913
0.109529
0.0559684
0.0288361
0.0991471
-0.0215595
0.0607459
0.0111908
0.0780846
0.0803614
0.100195
0.0828686
0.103858
0.0841365
0.0776177
0.104217
0.111918
0.100608
0.0546656
0.0815421
0.122232
0.0718424
0.0428244
0.104359
0.065234
0.109464
0.0798569
0.0638106
0.0767594
0.0873478
0.00959891
0.0915596
0.116353
0.0460764
-0.0424774
0.0212864
0.0313168
0.00318571
0.0526827
0.0590746
0.0210979
0.117761
0.121297
-0.0521466
0.0877775
0.032803
0.0761063
0.0445267
0.109644
-0.0218685
0.0876065
0.0507949
0.0422567
-0.0622436
0.12897
0.108822
0.0725549
0.128319

0.0607198
0.100523
0.0212958
0.100792
-0.10454
0.101904
0.0812521
-0.0126298
-0.0765841
-0.0555825
0.0822223
0.0428121
-0.0570682
-0.124944
0.0263591
0.0160495
0.0235119
0.103743
0.0172315
0.0986801
0.0486046
0.0588367
0.016977
0.0688748
0.0121702
0.0562604
0.0787558
0.0880099
-0.0425291
0.0904391
0.0359574
0.0627574
0.0930493
0.0445762
0.0618538
0.0261314
0.0642851
0.0575581
0.0770089
-0.0601223
0.0890343
0.052043
0.0568932
-0.0569921
0.0826252
-0.0622134
0.0903102
0.0948773
0.0839097
-0.058229
0.066371
0.0949025
0.09129
-0.00280049
0.02529
0.0563913
0.0249816
-0.0245731
-0.0562197
0.0479817
-0.0627776
0.0966737
0.0300243
0.0745701
0.100304
0.107374
0.0536763
0.0175194
0.0799306
0.0818123
0.092816
0.0829213
-0.00898766
0.0642388
0.104802
-0.0233877
0.0643199
0.104685
0.00812406
0.123605
0.0791173
-0.0711753
0.0663479
0.104821
0.00131633
0.104767
-0.0445798
0.10949
-0.00473931
0.118233
0.0567396
0.0896189
0.0289488
0.0484752
0.0717237
0.0774511
0.108534
0.0538933
0.0751634
-0.00612783
0.00742274
0.0771198
0.0512811
0.111191
0.0557696
0.0735718
0.0298958
0.0854015
0.0974865
0.0857518
0.0875287
-0.0169469
0.104457
0.0923814
0.046588
0.0408814
0.106296
0.0599689
0.111482
0.0781986
-0.0413443
0.0807618
0.116647
0.0283019
0.104381
-0.0217891
0.0850068
0.0970038
0.0820735
0.00503827
0.0645049
0.00812524
0.0775226
0.0780039
0.0909568
0.0693912
0.0954626
0.0930855
0.0844279
0.0496058
0.0547534
0.0909561
0.107386
0.0740648
0.067915
0.00363552
0.014425
0.0248856
0.0459036
0.103874
0.0536325
0.0785984
-0.00531156
0.0034924
-0.0110483
0.01432
0.0862588
0.0796253
0.117951
-0.0266505
0.0723334
0.0581927
0.0402653
0.12352
0.0579605
0.0539039
0.104586
0.0908739
0.106661
0.0818868
0.0894479
0.0869114
0.00954862
0.0452788
0.0982097
0.0311849
0.0956376
-0.0683292
0.0520704
0.0427078
0.0593891
0.0862789
-0.0123395
0.0816433
0.10553
0.0386838
-0.0511374
0.00380398
0.042941
0.0921363
0.0875085
0.0402617
0.0866469
-0.066611
0.0479965
0.0630336
0.0960948
0.090139
0.0532789
0.059782
0.0740191
0.0820471
0.0809966
0.0884793
0.0363327
0.0904338
-0.0141614
0.0102773
0.105409
0.0539041
0.114814
0.0116574
0.00551827
0.0891775
0.0655827
-0.00988626
0.0743305
0.0880248
0.0312876
0.0931953
-0.0284332
-0.00342257
0.0119873
0.00114929
0.100821
0.0957362
0.0894907
0.0455141
-0.15619
0.0657461
0.0378706
0.00660197
0.0903118
0.102674
0.103205
0.0478817
0.0166447
0.0257871
0.0290215
0.055195
0.115709
0.10213
0.0917562
-0.0143821
0.0872407
-0.0326734
0.0811587
-0.0813044
0.0241793
0.0907129
0.0736542
0.102952
0.104366
0.10303
-0.0682135
0.106095
0.0806474
0.111082
0.000449138
-0.0381065
0.0689671
0.0279548
0.106726
0.0407629
0.106912
0.0363536
-0.00582909
0.0291813
0.0688709
0.0377298
-0.0194219
0.0866752
0.0893249
0.0455645
0.00346667
0.0437362
0.0928005
0.104722
0.0343912
0.0380773
0.0839979
0.0492859
0.0558438
0.0702849
0.0716959
0.0389709
-0.0227379
0.0454968
0.0777816
0.0748325
0.0508879
0.092852
0.0140034
0.0329646
-0.022844
0.0667963
0.0493176
0.0827765
-0.00547507
0.0210874
-0.0135
0.103206
0.0626782
0.0136351
0.0592912
0.0791775
0.0193656
0.0487779
0.0197237
0.0812953
0.0771304
0.0661401
0.0982913
0.0717581
0.0351952
0.121594
0.0685848
0.0807704
0.0682877
-0.0103575
0.0556769
0.115607
0.0969931
-0.0176882
0.0942217
0.0659421
0.0858745
0.0421963
0.0322426
0.0783212
-0.0104988
0.107465
-0.0409419
0.00714325
0.110713
0.0274315
-0.0200757
0.106729
0.0449057
0.0446351
0.0907656
0.0866623
0.00292887
0.0946935
0.047957
0.0433913
0.0761112
0.0470034
0.101938
-0.00334934
0.0831747
0.106241
0.0551653
0.0993785
0.0665116
0.0501335
0.0420076
-0.0545322
0.0202625
0.0308143
0.0382124
0.0490561
-0.0303798
0.0181726
0.0856038
0.0947593
0.09299
0.0890835
0.0823527
0.0414902
-0.105563
-0.0923466
0.0918567
0.085692
0.0396176
-0.0491637
0.0875164
0.0878493
0.0322551
-0.00839048
0.0970204
0.084025
0.0399591
0.0485354
0.098688
0.081978
0.0934308
0.0263409
0.0300296
0.0855714
0.0750465
0.033368
0.030837
0.0619722
0.0666607
-0.00754309
0.0337765
0.0801835
0.0891848
0.0738076
0.103142
0.046013
0.0856597
0.0692006
0.0814444
0.0629147
0.0993673
0.0901789
-0.0281833
-0.0487179
0.0566412
0.108533
0.0110439
0.105901
0.079077
0.0275535
0.0551965
0.0825486
0.0535545
0.0971769
0.0627317
0.112047
0.0570282
0.121651
0.0460915
0.033047
-0.0618932
0.0723011
0.0360126
0.0574011
0.0338781
0.0980822
0.0925364
0.102462
0.032769
0.0106643
0.0405105
0.0945142
0.0637578
0.0617861
-0.00499877
0.117573
0.100559
0.0536803
0.105999
-0.15714
0.0904209
0.068001
0.0960588
0.105037
0.0830759
0.112693
0.0682223
-0.0705457
0.0985879
-0.00408892
0.013115
0.108726
-0.0479256
-0.0165663
0.0161207
0.081346
0.054097
0.0989764
-0.019268
0.0639622
0.060285
0.0839777
0.0156126
0.0490775
0.0752068
0.084885
0.0886458
0.0747829
0.103412
0.0243167
0.0612052
0.0676086
0.0501322
0.0253851
0.082167
0.0729855
0.10494
0.0675358
-0.0131438
0.0608203
0.00884312
-0.0592483
0.109536
-0.00901258
0.10634
0.0896579
0.080756
0.0125822
-0.0559847
0.0320848
0.10495
0.10784
-0.0105215
0.0473784
0.0837394
0.104949
-0.0315224
0.070819
0.0793196
0.0553273
0.0379044
0.0863338
0.0590404
0.0437495
0.0313194
0.0499033
0.0262994
0.101841
0.0943925
0.102867
0.0165165
0.0618386
0.00496481
-0.0680654
0.0823331
0.106268
-0.0580075
0.0674314
0.102411
0.092465
0.0711468
0.0860815
0.0939584
0.0781846
0.086885
0.058473
0.0161533
0.0198125
0.0371249
0.0408697
0.0523587
-0.052443
0.0617006
0.0123775
0.0328508
0.107305
-0.00212247
0.0589595
0.11273
0.0268382
-0.0561454
0.0890172
0.0227458
-0.00816776
0.110956
0.103996
0.0329952
0.120262
0.0959779
0.0494841
0.0695739
0.0669363
-0.00755724
0.0646371
0.0648393
0.0369949
0.113145
0.0888876
0.0844751
0.0869293
0.0959162
0.0292958
0.102153
0.0793351
0.0995244
0.0655856
0.10396
0.091508
0.0384739
0.0414364
0.0104416
0.0628202
0.0736652
-0.0682307
0.0298584
0.0884276
-0.010839
0.0749688
-0.0411358
0.0947876
0.0821711
0.0918129
-0.0230619
-0.00126527
-0.00750591
0.0352403
0.0993453
-0.00447075
0.0342486
0.0226336
-0.0054356
0.0591475
0.0456779
0.0636299
0.104268
0.0216528
0.0882962
0.041315
0.00496756
0.0949612
-0.0254132
0.0860277
0.0518479
0.0633842
0.107543
0.0744824
0.00296813
0.0657319
0.0315673
0.11277
0.0748284
0.0579784
-0.00792894
0.0369147
0.0615086
0.00173806
-0.0474271
0.0657106
0.0996187
0.0477376
0.0816272
0.0898334
0.0895345
0.0988044
0.071065
0.0920155
0.115164
0.0665582
0.0542613
0.0264448
0.0870369
0.110395
0.0508097
0.0625124
0.0709146
0.103673
0.0722227
0.0181446
0.0843046
0.000788655
0.0502933
0.0447249
0.0387725
0.102012
0.100457
0.113337
0.0894741
0.100919
0.094189
0.00779116
0.0693425
0.000270374
0.00488881
0.0368083
0.0157946
-0.0438861
-0.0362968
0.0294315
0.0710979
0.0766961
0.0193052
0.0563321
0.0591521
0.0533898
0.042912
0.0983526
-0.0234922
-0.0581544
0.00521329
0.057599
0.0343346
0.0963885
0.0865895
0.0751985
0.0645403
0.0392102
0.0654175
0.0952948
-0.0963061
0.0988632
0.0921829
0.0987214
0.0627978
0.0118086
0.0466985
-0.041894
0.0673762
0.0391978
0.0980851
-0.0143647
0.0943075
0.0235614
0.0564481
0.0410119
0.103685
0.0687891
0.00928801
0.00429738
0.0873991
0.0595196
-0.0889335
0.0484421
0.0617741
0.0766119
0.0462838
0.0859639
0.0379884
0.0649397
0.101849
-0.0191323
0.0505999
0.00274729
0.0704669
0.0680014
0.0850043
0.0739711
0.0795209
0.0625321
0.0774537
0.0791055
0.103219
0.0921787
0.048874
0.0943621
0.107763
0.069898
0.0359573
0.102668
0.0587103
0.105488
0.0664764
0.0697371
0.0881639
0.0668539
0.00274101
0.0920898
0.104465
0.0526754
-0.056063
0.00814109
0.0354379
0.0127316
0.0669333
0.0446272
0.0210755
0.0842776
0.119912
-0.0375448
0.0828717
0.0421992
0.0667143
0.0356335
0.0966594
-0.00298243
0.0886662
0.0377838
0.050226
-0.0600017
0.108913
0.0920566
0.0788433
0.118595

0.0597557
0.113718
0.0384402
0.0990608
-0.0767041
0.111344
0.0923637
-0.0161733
-0.102261
-0.0455263
0.092385
0.050014
-0.00946038
-0.134673
0.0348668
0.00351082
0.0194329
0.11227
0.0131094
0.113471
0.0375555
0.0772672
0.0145978
0.0882264
0.0194597
0.0717747
0.0895403
0.0908092
0.00333578
0.0930709
0.0699379
0.0421516
0.0862455
0.0562644
0.0677588
0.0395641
0.0692557
0.0633007
0.0898056
-0.0350011
0.0851795
0.0772349
0.0429074
-0.0753663
0.100444
-0.045699
0.0901106
0.097835
0.0879816
-0.0702227
0.069648
0.0958516
0.0947073
-0.0289448
0.0015764
0.0520433
0.00197416
-0.0291263
-0.0263781
0.0632448
-0.0570241
0.108686
0.022169
0.0799395
0.115712
0.112513
0.0790469
0.0277936
0.100943
0.0842059
0.100798
0.0764149
0.0252527
0.0593887
0.121878
0.00297733
0.0648566
0.101735
0.00413822
0.12541
0.0527371
-0.0651914
0.077198
0.111556
0.0174755
0.106001
0.0122882
0.119125
0.00619435
0.123777
0.0595646
0.0964848
0.0287409
0.0649171
0.0658048
0.0755414
0.116248
0.0573414
0.0614432
0.00780108
0.0257184
0.075581
0.0555317
0.11856
0.0725171
0.0795733
0.029016
0.0890143
0.106531
0.10512
0.0849511
-0.0176981
0.113432
0.0839132
0.056363
0.0422578
0.116469
0.0314633
0.105169
0.09055
-0.0494713
0.0928903
0.118352
0.0331458
0.10975
-0.0498127
0.0954209
0.109712
0.0853246
0.0229124
0.0665101
0.0311115
0.0598781
0.0827703
0.0861701
0.0874936
0.0996063
0.109921
0.096356
0.0261032
0.0691704
0.0893705
0.113075
0.0791284
0.0448533
0.0118722
0.0285013
0.0488961
0.0508597
0.109189
0.0587953
0.0948862
0.0188414
-0.0225377
0.000709243
0.00343758
0.0868941
0.090776
0.120631
-0.0618402
0.0724834
0.0696146
0.034361
0.120947
0.0830864
0.0677419
0.108315
0.107668
0.122709
0.0838301
0.0926938
0.110179
0.00682631
0.0511603
0.101546
0.0333579
0.0903668
-0.0592592
0.0702909
0.0606712
0.0699759
0.107066
0.0263418
0.073123
0.107162
0.0331349
-0.0689698
-0.000896176
0.0608687
0.0791019
0.083839
0.0635729
0.100794
-0.0799093
0.0493819
0.0435483
0.0918057
0.0832079
0.0633687
0.0260359
0.0820988
0.0931369
0.100961
0.108604
0.0548178
0.0949488
-0.0225977
0.014901
0.107182
0.0515761
0.121767
0.0208032
-0.00160295
0.0815516
0.0682373
-0.0249108
0.0738646
0.10703
0.0534333
0.101762
-0.0456495
-0.00584558
0.0215753
0.00588729
0.104028
0.0997595
0.105902
0.0430845
-0.157724
0.0618488
0.0477033
-0.0278417
0.100938
0.126195
0.0989158
0.0621695
0.0212209
0.0442655
0.0439257
0.0730009
0.120045
0.101145
0.0785266
0.00656755
0.0881781
-0.0139068
0.0885636
-0.105227
0.0076343
0.104667
0.0623642
0.113975
0.106879
0.113072
-0.0389668
0.107889
0.0873286
0.116039
-0.0421544
-0.00595968
0.048973
-0.00762198
0.0996813
0.0516389
0.123274
0.0506575
-0.024384
0.0398491
0.0624056
0.0349997
-0.00708173
0.0866086
0.099789
0.0483386
0.0469849
0.04789
0.0916211
0.111198
0.0578829
0.0236852
0.0902486
0.0796326
0.0793083
0.0691463
0.0758505
0.0603747
-0.0449039
0.0374713
0.0858902
0.0870017
0.0901047
0.0967863
0.0239122
0.0378899
-0.027347
0.0740266
0.0231907
0.074012
0.0115658
0.03763
-0.0224498
0.0946083
0.0549884
0.0152092
0.0833858
0.095268
0.0376923
0.057825
0.0306824
0.0871499
0.0804256
0.0796716
0.0956048
0.0797515
0.0552018
0.132656
0.0761464
0.0829832
0.0850456
-0.000689627
0.0644987
0.125429
0.106807
0.00341309
0.105414
0.0786383
0.0938983
0.057057
0.0564201
0.0894516
0.00575074
0.108597
-0.0345158
0.0405126
0.108276
-0.00242138
-0.031901
0.109014
0.0396839
0.0613546
0.10129
0.0874351
0.0385002
0.103033
0.0544863
0.0503392
0.0655781
0.02234
0.102436
0.00907213
0.0990015
0.109228
0.0530811
0.117128
0.063389
0.0654135
0.0380228
-0.0541309
0.0184101
-0.007357
0.00474368
0.0478287
-0.0148458
0.0274048
0.065433
0.0902214
0.115994
0.0978293
0.0865857
0.0428261
-0.117929
-0.0570925
0.100401
0.0922773
0.0602598
-0.0502846
0.0966489
0.0947585
0.0584526
-0.00200818
0.109625
0.0983152
0.0431868
0.0558476
0.112757
0.102531
0.105679
0.0179927
0.0206918
0.0995692
0.0620527
0.046074
-0.00543124
0.0716603
0.0789348
0.00467091
0.04938
0.0867784
0.0929521
0.0614317
0.113236
0.0613578
0.0808584
0.0689261
0.0805991
0.0668727
0.100199
0.0977204
-0.00541482
-0.0592081
0.0579116
0.1054
-0.00041212
0.0874788
0.0695652
-0.028223
0.0813162
0.0766283
0.0608476
0.102208
0.0588363
0.110146
0.0488795
0.11987
0.0453644
0.0282251
-0.0444237
0.0526592
0.0455331
0.0523214
0.00893768
0.0873311
0.0993964
0.103086
0.0463795
-0.00533291
0.0543467
0.0984542
0.0796911
0.0755614
0.00342252
0.118975
0.111948
0.0705208
0.122186
-0.147076
0.0955157
0.0789654
0.10424
0.117374
0.091646
0.106685
0.0753232
-0.0983698
0.102326
0.0139151
0.0206233
0.0952052
-0.0398463
-0.0235575
0.0470809
0.0623765
0.0474898
0.0992025
-0.00403245
0.0709501
0.0676697
0.0940685
0.0128283
0.0273456
0.0634746
0.0872758
0.109393
0.0893988
0.105914
0.0242009
0.0526876
0.078783
0.0585555
0.0337283
0.047055
0.0979133
0.0947403
0.0834647
-0.0312307
0.0410371
-0.0145746
-0.068478
0.117481
-0.0161076
0.111833
0.0892053
0.0989314
0.039479
-0.0492858
0.029267
0.118506
0.116445
-0.0196689
0.0676644
0.0948326
0.113644
-0.0247004
0.073729
0.0895012
0.0567593
0.0519763
0.0831965
0.0464347
0.047628
0.0518432
0.0454272
0.0422161
0.104451
0.0978296
0.10036
0.0247537
0.0873315
0.0299589
-0.0439773
0.078875
0.108595
-0.0549038
0.0794889
0.105356
0.0948006
0.0831355
0.0946448
0.0919746
0.0876041
0.104703
0.0708505
0.0319962
0.0107472
0.0506653
0.016047
0.0597889
-0.0515449
0.0702696
0.0157185
0.0299788
0.108924
0.0184879
0.0684578
0.113471
0.0104091
-0.0191316
0.0971748
0.0239378
-0.00463877
0.114855
0.103684
0.0427266
0.123326
0.100348
0.054447
0.0977428
0.0691899
0.00929539
0.0675145
0.0820628
0.00801662
0.113405
0.0820705
0.0986587
0.0879235
0.101597
0.0440856
0.0967829
0.0907252
0.0983388
0.0606407
0.105272
0.0982954
0.0110711
0.056275
0.0168992
0.0650882
0.0827429
-0.0997148
0.0304044
0.0941677
0.026731
0.0787326
-0.068113
0.087664
0.0847966
0.105582
-0.0155739
-0.00919227
-0.00776369
0.0628205
0.104831
0.00764659
0.0423396
0.0160641
0.0190783
0.0272413
0.0473895
0.0627515
0.110428
0.0194356
0.0931323
0.0619181
0.00787611
0.103936
-0.0303138
0.0958504
0.0369147
0.0692586
0.0943373
0.0525662
-0.0154342
0.0737686
0.0517589
0.114842
0.0750389
0.0628239
0.0153606
0.010693
0.0831531
0.0211806
-0.0285071
0.0721117
0.09825
0.0622839
0.0922999
0.0921163
0.0977245
0.0909753
0.0953722
0.0877724
0.119541
0.067957
0.06237
0.0465692
0.0877084
0.114262
0.055682
0.0795879
0.079509
0.115401
0.0921695
0.0063579
0.0898168
-0.0013958
0.0544664
0.030783
0.047224
0.107304
0.105178
0.122449
0.0954576
0.106198
0.103482
-0.0130222
0.076142
0.00395713
0.0123816
0.0348587
0.0392548
-0.0389154
-0.0408716
0.0273284
0.0930294
0.0827673
0.0234415
0.0709219
0.0545906
0.0592579
0.0564131
0.0943976
-0.019329
-0.0498731
0.00536797
0.05238
0.0513813
0.0984834
0.0884392
0.0551318
0.0562301
0.0284347
0.0638409
0.10908
-0.0607215
0.101327
0.0930049
0.100751
0.0652881
0.016781
0.0594663
-0.0252678
0.0946896
0.0572793
0.106214
-0.034653
0.0908848
0.0126168
0.0692861
0.0633219
0.10869
0.0798959
0.0219744
0.00602074
0.0912106
0.0668243
-0.0797241
0.00539057
0.0682298
0.0832253
0.0213187
0.0980141
0.0262742
0.0315513
0.109492
-0.0551914
0.0331758
0.027055
0.0703556
0.0833332
0.0940646
0.0864275
0.0761416
0.0790382
0.0623391
0.0885096
0.101697
0.100485
0.0436535
0.0915858
0.110597
0.0609186
0.0388638
0.0877725
0.0547514
0.112652
0.0754636
0.0622209
0.0834733
0.0787405
0.0121787
0.073369
0.112961
0.0491185
-0.0203507
0.0366251
0.0239566
0.00954683
0.0555722
0.0620939
0.0332333
0.0993355
0.117199
-0.0715832
0.0783389
0.0532077
0.0727903
0.0638337
0.10749
-0.00680734
0.104387
0.0436748
0.0604824
-0.0394982
0.130322
0.0985266
0.081142
0.128121

0.0821419
0.119082
0.0394088
0.0979538
-0.118614
0.115079
0.0677664
-0.0170772
-0.0921259
-0.0197729
0.0943333
0.0488144
-0.0334862
-0.123823
0.0635929
0.00260375
0.0271949
0.115552
0.0015355
0.11667
0.05569
0.0820605
0.0343806
0.0788403
0.00248957
0.0719182
0.0894221
0.0969069
-0.0221525
0.102534
0.0649222
0.0498227
0.0989719
0.0658112
0.0755171
0.0454835
0.0656389
0.0813714
0.101426
-0.0454095
0.0836278
0.0792509
0.0710782
-0.0754659
0.0870399
-0.067782
0.0949159
0.0986322
0.0906815
-0.0848427
0.0699723
0.0921505
0.114435
-0.0185172
0.0219259
0.0539558
0.00248356
-0.0345471
-0.0464332
0.0639937
-0.0701855
0.112371
0.0567367
0.0853956
0.120777
0.11868
0.0831499
0.0197528
0.0800197
0.0892071
0.119394
0.0921508
0.00479499
0.0470416
0.10986
0.0133138
0.080275
0.111816
-0.0125789
0.131964
0.0548514
-0.0876108
0.0786022
0.112119
-0.00403126
0.122786
-0.038916
0.114796
-0.000890672
0.12031
0.0406255
0.104978
0.0231445
0.0690668
0.0823032
0.0692569
0.10605
0.036877
0.0586211
-0.014758
0.016435
0.077183
0.0578359
0.109457
0.0634646
0.0816789
0.0325854
0.0768833
0.110817
0.0916758
0.0686103
-0.0254711
0.102475
0.0896606
0.0429372
0.0488115
0.120259
0.0452404
0.122152
0.0912339
-0.0465366
0.0884398
0.119596
0.034168
0.106568
-0.0646666
0.0897896
0.103084
0.0887432
0.0232502
0.0693183
0.0201679
0.059505
0.0919974
0.0910299
0.0921039
0.11263
0.10691
0.104018
0.037613
0.0805558
0.103151
0.102648
0.0959528
0.0395908
0.00357838
0.0339802
0.0332299
0.0568493
0.105296
0.0572256
0.0999963
0.0141921
-0.0163174
-0.01071
0.00905286
0.0796959
0.0891448
0.114448
-0.0385794
0.0826347
0.0659364
0.0310518
0.130783
0.086566
0.0925227
0.112539
0.109504
0.130384
0.115048
0.110346
0.102719
-0.00291639
0.0504773
0.11129
0.0442756
0.113559
-0.085239
0.0637629
0.0642095
0.0843571
0.100465
0.0539875
0.096354
0.1144
0.0534397
-0.074833
0.023821
0.0759021
0.0949237
0.0866803
0.0594398
0.092792
-0.0991694
0.0442307
0.054695
0.0872164
0.0933167
0.0776012
0.0373418
0.0909049
0.0897576
0.105772
0.0988879
0.0349311
0.12213
-0.0323733
0.0283687
0.116994
0.068721
0.120029
0.0168635
0.00890907
0.0740693
0.0605863
-0.0114293
0.0916664
0.106203
0.0549686
0.113545
-0.0697046
-0.0120218
0.00581866
-0.00624649
0.110426
0.0933716
0.105797
0.0342808
-0.16838
0.0569496
0.0429155
-0.025887
0.105635
0.121606
0.105219
0.0499151
0.0339812
0.032989
0.0476424
0.0713228
0.113337
0.10473
0.0854154
-0.00338996
0.0910799
-0.0159776
0.0951483
-0.0870902
-0.00166459
0.109136
0.0617831
0.123141
0.102391
0.106294
-0.0528577
0.11135
0.0882059
0.116127
-0.020198
-0.0177798
0.0632445
0.00317689
0.115101
0.0567411
0.111882
0.0731266
-0.0241937
0.0570179
0.0576649
0.0278544
-0.00396481
0.0847174
0.115206
0.0397374
0.0225462
0.0415844
0.100566
0.117643
0.0636798
0.0463018
0.0949603
0.0702771
0.0722077
0.0811894
0.100734
0.0640119
-0.0289362
0.0429508
0.0739848
0.0908728
0.0865652
0.104596
0.0362497
0.031981
-0.0337976
0.0826821
0.0443413
0.084908
-0.00489803
0.0373644
-0.0432956
0.101651
0.0744509
-0.000271264
0.0871311
0.0954363
0.0386216
0.0644708
0.0284879
0.0962581
0.0963499
0.0949376
0.110424
0.0801139
0.0549674
0.125188
0.080547
0.088289
0.0902042
0.01659
0.0810543
0.118388
0.10331
0.00107419
0.0969699
0.0703307
0.113757
0.0362514
0.0445722
0.0866516
-0.000877614
0.0991869
-0.0469657
0.0373675
0.110361
-0.00446675
-0.0479202
0.122869
0.0538464
0.0571511
0.106962
0.101216
0.0384285
0.112263
0.0573126
0.0548229
0.0768425
0.0131359
0.105314
0.011106
0.0870002
0.113116
0.0874796
0.104107
0.0738232
0.0692016
0.0494996
-0.085055
0.015089
0.0191014
0.0275526
0.0379009
-0.0276384
0.0237208
0.0747296
0.0850868
0.122861
0.0899554
0.0884277
0.0450926
-0.137126
-0.0970211
0.0951217
0.0954547
0.0591551
-0.0529983
0.097393
0.0996142
0.0297985
0.0101832
0.111157
0.087922
0.0552618
0.0549022
0.107116
0.0659819
0.119502
0.0283576
0.0272361
0.113621
0.0917966
0.0463653
0.0117831
0.0941638
0.0741685
-0.0404495
0.0448377
0.0934171
0.0881764
0.0640617
0.111121
0.0635149
0.0866658
0.0766212
0.0724777
0.0504651
0.116415
0.0865712
-0.011579
-0.0659101
0.083726
0.115558
-0.00475998
0.103246
0.0905502
-0.0248728
0.0896868
0.0981036
0.0622051
0.100682
0.0682332
0.11289
0.062541
0.12797
0.050981
0.0220573
-0.0706021
0.0539793
0.0491244
0.0655869
0.00517522
0.0984736
0.0994905
0.114328
0.0458118
-0.0175355
0.025088
0.117523
0.0655003
0.0876556
0.0175895
0.116845
0.103832
0.0838341
0.118972
-0.187805
0.119157
0.0807829
0.109179
0.119881
0.0750365
0.115975
0.071418
-0.121903
0.0856697
-0.0121608
0.00885794
0.111237
-0.0450231
-0.0210813
0.0407299
0.0721635
0.0679206
0.108497
0.0115243
0.0580856
0.0596384
0.110379
-0.000183533
0.0427745
0.0867584
0.0888538
0.106764
0.0860732
0.0951851
0.0441719
0.0750725
0.0870181
0.0585391
0.0390591
0.051002
0.095867
0.11791
0.0749971
-0.0370814
0.0452041
-0.0214638
-0.0906282
0.135128
-0.0163064
0.111787
0.0995939
0.0986386
0.045488
-0.0748204
0.0258188
0.122586
0.106991
-0.00850409
0.0657632
0.0986433
0.113445
-0.00142565
0.0817845
0.0969413
0.0693444
0.0490171
0.103123
0.0590471
0.0423181
0.0246173
0.0340153
0.0422623
0.109726
0.0841753
0.100963
0.0184783
0.0851172
-0.00869637
-0.0482814
0.0798617
0.11095
-0.0776966
0.0878441
0.100684
0.0963112
0.0713196
0.0917349
0.106697
0.0995768
0.106613
0.0615735
0.0200464
0.00799866
0.0342502
0.018227
0.0715114
-0.044336
0.0642631
0.0410042
0.0466847
0.121161
0.0177013
0.0575812
0.122691
0.0329778
-0.0350533
0.112258
0.0541798
0.0100142
0.108803
0.110137
0.0342096
0.121751
0.111139
0.0507106
0.0986732
0.0753332
-6.57155e-05
0.065469
0.0795503
-0.00176885
0.105387
0.106784
0.106444
0.0752652
0.10819
0.0486572
0.102592
0.0891086
0.114452
0.0814816
0.106993
0.09881
0.0399584
0.0342327
0.0252396
0.0711583
0.0802059
-0.0764952
0.0343406
0.101612
0.00696268
0.0888682
-0.0461038
0.0863145
0.0813108
0.114622
0.0040702
-0.032022
-0.0144707
0.0556806
0.112498
-0.0374095
0.0567905
0.0361579
0.0176953
0.0376212
0.0598446
0.0579762
0.121421
0.00379906
0.0928281
0.0522571
-0.0224046
0.108815
-0.0270515
0.0851989
0.0458786
0.0820217
0.094217
0.0552077
0.00509651
0.0962708
0.0353184
0.127665
0.090927
0.0707077
0.0124092
0.0113782
0.0838339
-0.00220509
-0.0356213
0.0688597
0.10106
0.0606321
0.087497
0.0990764
0.103224
0.0948358
0.0907726
0.0935393
0.122632
0.0790608
0.0674014
0.0358498
0.106573
0.11879
0.0629032
0.0764143
0.104786
0.107408
0.0951997
-0.00288429
0.117528
-0.00395216
0.0818604
0.0284084
0.0348843
0.106212
0.0820515
0.121841
0.108257
0.111119
0.0981458
-0.0577464
0.0611339
0.0125642
0.00164616
0.0537657
0.0301282
-0.0308892
-0.0347246
0.0391079
0.0804789
0.0763159
0.0273087
0.0749713
0.0624743
0.0578462
0.0697452
0.106756
0.00121207
-0.0389791
-0.00906005
0.0664921
0.0469828
0.0946769
0.071354
0.0671286
0.0634633
0.0331184
0.0646835
0.12422
-0.0680085
0.10388
0.103616
0.0970347
0.0809263
0.0149394
0.0722915
-0.0474017
0.0880869
0.0368412
0.10468
-0.0301152
0.0924014
0.0151749
0.0991254
0.0502702
0.110207
0.0973684
0.0348798
0.00704305
0.108507
0.0715142
-0.0864576
0.0055901
0.0646233
0.0941107
0.0110294
0.120419
0.0537259
0.0401809
0.119671
-0.0462293
0.0393466
0.035265
0.0868928
0.0846255
0.107879
0.0857366
0.0892766
0.0799154
0.0921764
0.0990365
0.111654
0.104279
0.0619237
0.0830126
0.119689
0.0721627
0.0402463
0.103584
0.0844539
0.118427
0.0924402
0.0818078
0.0962139
0.091739
0.00966824
0.0856839
0.108916
0.0651581
-0.049271
0.0166652
0.0281436
0.00480088
0.0603986
0.0652706
0.0462215
0.10313
0.116498
-0.0601168
0.0994582
0.0564389
0.0793973
0.070511
0.109553
-0.0141525
0.106687
0.0400901
0.0565288
-0.0417045
0.132149
0.103506
0.0925411
0.119312

0.0678374
0.117577
0.0150922
0.111827
-0.0813016
0.119189
0.0907582
-0.0152367
-0.0785299
-0.0402755
0.086193
0.0361
-0.0310154
-0.107864
0.0453816
0.0132361
0.0327174
0.114229
0.0167938
0.130593
0.0689492
0.0812918
0.0282443
0.0922862
0.00629161
0.0730489
0.0938069
0.118963
-0.0469706
0.102783
0.0618395
0.0683046
0.110261
0.0652374
0.0769259
0.0620997
0.0689134
0.0649227
0.104441
-0.0497809
0.0855126
0.0692231
0.0641625
-0.0615755
0.0835279
-0.0593485
0.102847
0.120776
0.0977213
-0.0542181
0.0890674
0.117124
0.0986838
-0.0100237
0.0388146
0.0866803
0.0181889
-0.0119168
-0.0445265
0.0557511
-0.0587478
0.115063
0.0290079
0.0879099
0.111109
0.123565
0.0864435
0.0134868
0.102993
0.0979839
0.122563
0.0988098
-0.0065802
0.0779579
0.126491
-0.0137166
0.0638943
0.107769
0.0056093
0.132522
0.0722946
-0.0709596
0.0805375
0.110077
0.0107555
0.13532
-0.0435773
0.135349
-0.00620349
0.125336
0.0772683
0.102797
0.0375548
0.0649036
0.0833536
0.0897822
0.12223
0.0764075
0.0849164
0.00197387
0.032867
0.0846777
0.0744153
0.123681
0.0727213
0.107698
0.0418922
0.101637
0.110372
0.0986329
0.0878275
-0.0059472
0.112318
0.0895093
0.0564306
0.0361739
0.121394
0.065742
0.118172
0.0957431
-0.0262668
0.09547
0.137135
0.0422055
0.116424
-0.0161684
0.103696
0.115038
0.102689
0.0226398
0.0735592
0.0388079
0.0803916
0.0784086
0.112086
0.10011
0.121248
0.114476
0.104097
0.0420053
0.0618615
0.0955675
0.120566
0.0911386
0.0429851
0.0233232
0.0319336
0.0514434
0.0528762
0.121532
0.0668442
0.0906281
0.0122875
0.00746759
0.0105933
0.012946
0.10122
0.109574
0.134518
-0.0681599
0.0724968
0.0680517
0.0366381
0.138027
0.0871459
0.0812091
0.112382
0.114418
0.126446
0.110764
0.107851
0.106679
0.00846555
0.0533346
0.110604
0.0355049
0.103891
-0.032635
0.0579443
0.062666
0.0795975
0.103117
0.0097399
0.091688
0.112219
0.0506044
-0.0628722
0.0204515
0.0745386
0.105691
0.0988302
0.0701271
0.0858141
-0.0940291
0.0625468
0.0686908
0.105652
0.0983295
0.0871228
0.0412805
0.0901297
0.105345
0.105148
0.119132
0.0394505
0.11133
-0.0172998
0.0185405
0.128596
0.0654312
0.126282
0.0244133
0.00823561
0.0965783
0.0730845
-0.0139766
0.0885564
0.111239
0.0757617
0.1035
-0.0310634
0.00152652
0.004728
0.0143753
0.12459
0.10617
0.109401
0.0584833
-0.157647
0.0602345
0.0499245
-0.0030119
0.113901
0.125678
0.117468
0.0546227
0.0333561
0.0199207
0.0422317
0.0727625
0.11989
0.111696
0.0993381
0.0254093
0.110151
-0.00803312
0.0942786
-0.0971216
0.0327197
0.112707
0.083503
0.13035
0.114847
0.10663
-0.0600395
0.120814
0.102099
0.1333
-0.00366154
-0.0437475
0.0724591
0.013194
0.113726
0.0524876
0.12142
0.0732599
-0.0135561
0.0630486
0.0785564
0.0201228
-0.00874492
0.0990923
0.10128
0.0477849
0.0144747
0.0643902
0.107025
0.114994
0.052243
0.047973
0.102443
0.0778714
0.0808399
0.0694953
0.0845759
0.0676905
-0.0122169
0.05207
0.0953513
0.090798
0.0837675
0.105563
0.0563553
0.0617416
-0.0223338
0.0729346
0.0549195
0.0890461
-0.0174721
0.014207
-0.0248175
0.117447
0.0673479
0.0199111
0.0784124
0.107229
0.0285744
0.0807644
0.0558385
0.107948
0.0910725
0.103591
0.101599
0.104555
0.0556173
0.142088
0.0873867
0.094886
0.0990354
0.0180414
0.0858358
0.130357
0.117228
-0.0178865
0.109415
0.077227
0.119467
0.0470079
0.0652139
0.0907476
-0.00526793
0.117001
-0.0668163
0.0226074
0.12572
0.0178207
-0.0286811
0.119764
0.0478623
0.0650542
0.113465
0.108596
0.0147662
0.116119
0.0425102
0.0558538
0.0930094
0.016777
0.109917
-0.0144881
0.0824972
0.121083
0.0543318
0.12469
0.0702307
0.0575482
0.069189
-0.082544
0.00484286
0.0278122
0.0232523
0.0485035
-0.0125851
0.0298688
0.0835867
0.100257
0.127663
0.10001
0.102254
0.0611834
-0.0909453
-0.0575166
0.100151
0.106083
0.0813182
-0.0490553
0.0951125
0.105073
0.0491112
-0.000809309
0.122553
0.100866
0.071017
0.0780976
0.122918
0.0989687
0.11168
0.00783085
0.0275203
0.11627
0.0960516
0.0501261
0.049614
0.0768969
0.0852055
0.00067273
0.0544305
0.088298
0.0887916
0.0835378
0.111667
0.0603934
0.0951186
0.0754379
0.070836
0.0822183
0.106787
0.0974787
-0.00763928
-0.0448024
0.0741882
0.130079
0.0284036
0.116922
0.0892446
0.00884824
0.101245
0.0936897
0.0653746
0.109646
0.0675894
0.129761
0.0770361
0.136886
0.0630014
0.0457177
-0.0547136
0.0723731
0.0617975
0.0868443
0.0048999
0.106892
0.120706
0.116133
0.0642617
0.00459678
0.0328402
0.109135
0.0974938
0.0794284
0.00724753
0.128425
0.117951
0.0695283
0.129484
-0.147323
0.119086
0.0847603
0.11278
0.12628
0.0919216
0.119601
0.0816147
-0.103339
0.119472
-0.0206889
0.0207577
0.112568
-0.029809
-0.0186908
0.0423514
0.0768929
0.0489944
0.108225
0.00842972
0.0738382
0.0743438
0.105471
-8.23678e-05
0.0472067
0.0900392
0.0930872
0.112017
0.0795248
0.105683
0.0392684
0.0928175
0.0824996
0.0525556
0.0534962
0.0664426
0.100162
0.113425
0.0822654
-0.0182933
0.0555365
0.0135447
-0.0409359
0.12628
-0.0169226
0.116334
0.0997459
0.103722
0.0603294
-0.0671486
0.0399146
0.125032
0.132396
-0.00667257
0.0638965
0.110718
0.115318
-0.0270977
0.0818553
0.0979205
0.0522426
0.060765
0.108638
0.0808074
0.0409923
0.0369658
0.0645031
0.0250788
0.117757
0.0978624
0.106934
0.0294941
0.0867661
-0.00927569
-0.0477753
0.0885133
0.123107
-0.0599274
0.0803273
0.110277
0.100883
0.104515
0.10444
0.105332
0.0931678
0.121447
0.0628458
0.0406227
0.015557
0.0674228
0.0317295
0.0662006
-0.068546
0.0790689
0.0539558
0.0378609
0.124077
0.00122876
0.0675298
0.126567
0.0362114
-0.00515484
0.106878
0.0463361
-0.00232368
0.12762
0.124257
0.0498843
0.131057
0.112225
0.0599463
0.104593
0.0615077
0.00640493
0.0594352
0.0770657
0.0171527
0.115495
0.103782
0.104962
0.107049
0.117364
0.0654211
0.100397
0.0997329
0.103071
0.089276
0.124058
0.113207
0.0468848
0.0508052
0.0386677
0.0715315
0.0824715
-0.0919312
0.0453691
0.0998487
0.00227962
0.0880198
-0.033004
0.112048
0.0866089
0.105314
0.0258589
-0.016192
-0.0262067
0.0600173
0.108951
0.0257605
0.0581162
0.0314805
0.0133969
0.04197
0.0657833
0.0745457
0.117519
0.00205078
0.106835
0.0507342
-0.041876
0.115966
-0.0107714
0.105937
0.060158
0.0857458
0.115983
0.0764382
0.00112576
0.0966171
0.0391401
0.130649
0.0900713
0.0773608
0.0197432
0.0138796
0.0992119
0.0212585
-0.0462772
0.0887594
0.110462
0.0681274
0.10624
0.109017
0.10196
0.105592
0.0882131
0.096933
0.119792
0.0916317
0.0496983
0.0352707
0.0948743
0.124831
0.0577218
0.0935585
0.0960807
0.117727
0.085185
0.0151248
0.115814
0.0258214
0.0719609
0.0309384
0.0365639
0.0973764
0.111947
0.12992
0.102045
0.116317
0.119182
-0.00818855
0.0859914
0.0369556
-0.0114752
0.055568
0.0355858
-0.0252319
-0.0379216
0.0526284
0.0913809
0.0921145
0.0325575
0.0821062
0.0707623
0.0600229
0.0646112
0.114035
-0.012465
-0.0176562
0.000205623
0.0742278
0.0413871
0.098742
0.0954464
0.0708077
0.0646852
0.0495921
0.065009
0.119448
-0.0741864
0.127986
0.106844
0.109743
0.0930921
0.0255277
0.0682551
-0.0474245
0.0979174
0.0504342
0.109249
0.0046617
0.103933
0.0102695
0.0876339
0.0666944
0.1246
0.0918275
0.0303437
0.00956552
0.115039
0.0725453
-0.0722827
0.0431152
0.0590378
0.110806
0.040237
0.113516
0.0456321
0.0584905
0.122332
-0.0181773
0.0622654
0.0135499
0.0871116
0.0921771
0.111977
0.105636
0.100177
0.0910773
0.0886288
0.0859828
0.120858
0.103187
0.0568301
0.104862
0.126978
0.0810656
0.0511816
0.125731
0.0677154
0.109049
0.09848
0.0746088
0.112033
0.0939364
0.00068222
0.104303
0.123149
0.0482734
-0.0514789
0.0141029
0.0231999
0.0328614
0.0753938
0.0533538
0.0580696
0.112595
0.123604
-0.0456951
0.0759367
0.065868
0.0769273
0.0776675
0.116649
0.00105378
0.115253
0.0335124
0.0555132
-0.0364805
0.137769
0.114993
0.0979537
0.131764

0.079372
0.100663
0.00969449
0.110247
-0.0910652
0.112018
0.0875577
-0.0116929
-0.071018
-0.0574815
0.0960667
0.0397481
-0.0450276
-0.0995776
0.0374654
0.00801711
0.0236679
0.116183
0.00990532
0.119909
0.0759926
0.0698589
0.0235214
0.0806297
0.0149694
0.077729
0.098715
0.0926068
-0.020616
0.0935018
0.053489
0.0708357
0.0828906
0.0479783
0.0606245
0.0424956
0.0795187
0.0635695
0.0974502
-0.0580587
0.0791784
0.0801726
0.0434073
-0.0681524
0.0828629
-0.0645124
0.0868603
0.0940278
0.106975
-0.0785359
0.0794404
0.0895406
0.0975045
-0.0225103
0.0192347
0.0684456
0.022085
-0.010748
-0.0504147
0.0589861
-0.0713746
0.105928
0.0415738
0.0621785
0.110715
0.118969
0.0747145
0.00499414
0.102649
0.0946306
0.103539
0.0900285
-0.00580652
0.060212
0.115683
-0.0131552
0.0767221
0.114192
-0.00896323
0.122641
0.0794134
-0.084483
0.0786119
0.102509
0.0164912
0.125153
-0.0118391
0.128697
0.02058
0.1189
0.0605656
0.0910423
0.0278354
0.0530366
0.0817112
0.0922839
0.117155
0.0793359
0.0808444
-0.012538
0.00920743
0.0778175
0.0368484
0.112808
0.0550815
0.0985872
0.0245501
0.0822073
0.11072
0.106821
0.0830181
-0.0427448
0.110415
0.107209
0.0557527
0.0375942
0.117806
0.0692219
0.113792
0.0947281
-0.00268436
0.0951104
0.134557
0.0288276
0.108123
-0.00249241
0.100401
0.114572
0.0959641
0.00739714
0.0685367
0.023019
0.0724444
0.078304
0.094813
0.100326
0.116116
0.104679
0.0927718
0.0511517
0.0588837
0.111138
0.119039
0.0932402
0.0658736
0.00868904
0.0250277
0.0175325
0.054688
0.108757
0.0799621
0.097109
0.0119725
-0.0326601
-0.00550752
0.0192703
0.0864039
0.0966433
0.118155
-0.0371708
0.0753852
0.0785146
0.0338936
0.12468
0.0722908
0.0880476
0.11695
0.103524
0.123726
0.086718
0.104527
0.100465
0.0242731
0.0498822
0.0978064
0.0405736
0.100251
-0.0546098
0.0643498
0.0610933
0.0644135
0.109354
0.0034764
0.0922625
0.114025
0.0518209
-0.0753374
-0.000118773
0.0672486
0.0976942
0.0918449
0.0718292
0.0968053
-0.0688636
0.0344515
0.0691222
0.0915729
0.0941756
0.0807129
0.0517113
0.0877394
0.0870203
0.0945002
0.109571
0.0548596
0.0988129
-0.0234063
0.00713698
0.124102
0.0575479
0.111657
0.0363261
-0.00884032
0.0810629
0.0895713
-0.020293
0.0986365
0.108653
0.0415824
0.105094
-0.0466696
0.00347668
0.00161523
-0.000352126
0.0992652
0.105463
0.0980285
0.0661706
-0.149495
0.0678878
0.0624838
-0.017246
0.093843
0.122333
0.111285
0.0454098
0.0282202
0.00575569
0.0595478
0.0576192
0.114027
0.111139
0.089688
-0.000848788
0.10956
-0.0390188
0.089783
-0.10736
0.0137245
0.105232
0.0659916
0.106064
0.0911923
0.105088
-0.054248
0.110688
0.0911388
0.123485
-0.0485196
-0.0371848
0.060047
0.00638013
0.114782
0.0394523
0.111744
0.0602914
-0.0238476
0.0528973
0.0647078
0.0113947
-0.00174261
0.0807919
0.0961398
0.0660522
0.0178014
0.0580934
0.0884526
0.114708
0.0486453
0.0276074
0.0906471
0.0851612
0.0738745
0.0596952
0.0819719
0.0517618
-0.0444075
0.0535201
0.0974391
0.0967254
0.0691453
0.111524
0.0212414
0.0605582
-0.0356511
0.0902005
0.0323082
0.0934866
0.000712956
0.0276851
-0.0426659
0.104824
0.0657405
0.0273574
0.0841603
0.11057
0.0252278
0.0682533
0.0210321
0.0985601
0.0741594
0.0951123
0.0891364
0.0832032
0.050527
0.138238
0.0842642
0.075412
0.102556
-0.0231593
0.0635368
0.12988
0.0940672
0.00131324
0.114357
0.074681
0.114843
0.03768
0.0517281
0.100585
-0.0223171
0.1035
-0.060028
0.0257448
0.112544
0.0127864
-0.0260626
0.108311
0.0640066
0.0524005
0.100677
0.0826949
0.000674051
0.109135
0.048423
0.0565064
0.0932053
0.0216035
0.111889
-0.0187983
0.0926906
0.118849
0.0538548
0.105302
0.0736897
0.0495402
0.0668695
-0.0447183
0.026628
0.0302125
0.0167394
0.0499198
-0.00732495
0.0327952
0.0769094
0.0987518
0.109567
0.0950757
0.0834137
0.0448988
-0.11898
-0.084257
0.0931178
0.1049
0.0819106
-0.0532935
0.0926897
0.0996258
0.0647792
0.00274249
0.118125
0.0984995
0.0471392
0.0380857
0.106914
0.0889817
0.109926
0.0220669
0.0212736
0.0986975
0.0865785
0.0615363
-0.01472
0.0842324
0.0938912
-0.00221015
0.0260299
0.0898276
0.0928537
0.0670247
0.11131
0.0421
0.0921974
0.0733665
0.065417
0.0759451
0.109109
0.0916755
-0.0246172
-0.0552769
0.0801348
0.123879
0.00203062
0.100801
0.0868446
-0.0092301
0.0817922
0.10731
0.0575576
0.102566
0.0667696
0.111363
0.0733201
0.122886
0.0437658
0.0355117
-0.0679832
0.0743944
0.0434241
0.0769223
0.0110777
0.0955305
0.0990461
0.112009
0.0356204
-0.0124109
0.0502485
0.117704
0.0736048
0.0934156
0.00736633
0.120493
0.128167
0.0670506
0.119045
-0.13785
0.0976893
0.0924829
0.103251
0.115914
0.086758
0.111066
0.085247
-0.0692102
0.109266
-0.0195604
0.00612759
0.113793
-0.0237154
-0.0321537
0.0358956
0.0797863
0.0611207
0.0962377
-0.00852516
0.0775431
0.0633439
0.107101
-0.00402243
0.0457284
0.0851793
0.0959538
0.111903
0.0657547
0.109843
0.0243137
0.0850917
0.0888474
0.0475171
0.023523
0.056099
0.0927074
0.0964391
0.0799296
-0.0238112
0.0569934
-0.0131023
-0.0768002
0.11853
-0.0397853
0.111564
0.0864206
0.0978897
0.0341606
-0.0797556
0.0202402
0.119081
0.112988
-0.0146962
0.0776351
0.088346
0.114709
-0.0348023
0.0743081
0.105499
0.0652032
0.0480514
0.102155
0.065763
0.0208785
0.0381046
0.0609513
0.0304197
0.0986076
0.0943062
0.103951
0.0296058
0.0765121
-0.00677109
-0.064219
0.0790498
0.123025
-0.0801088
0.0779354
0.101681
0.0998001
0.0879401
0.108492
0.105668
0.0801846
0.114041
0.0595534
0.0138394
0.0196156
0.0353596
0.0223358
0.0505925
-0.0475151
0.0856756
0.0327649
0.0527519
0.114703
0.017875
0.0676491
0.125272
0.0258111
-0.0387638
0.111173
0.0510329
0.00454008
0.114165
0.109667
0.0323834
0.125914
0.107249
0.0580837
0.113459
0.0661224
0.000680322
0.0617629
0.0727693
0.0052029
0.114316
0.0942648
0.0900251
0.0853789
0.115714
0.0543382
0.105693
0.0905608
0.0948848
0.0568268
0.111593
0.112283
0.0307248
0.0736287
0.0454515
0.0608671
0.076193
-0.0814024
0.0304283
0.0810303
-0.00222343
0.0925144
-0.0626259
0.0890109
0.0835584
0.102587
-0.0165795
-0.00649287
0.00237724
0.0777548
0.0997901
-0.0216287
0.0596892
0.0253043
0.0201419
0.0494412
0.0495469
0.0806344
0.107907
0.00208797
0.092489
0.0617671
-0.0448253
0.108358
-0.0220103
0.0970646
0.0226215
0.0749128
0.106413
0.0519113
0.0112673
0.098902
0.0471886
0.118209
0.0779262
0.09096
-0.0101161
0.0181164
0.0963895
-0.00133824
-0.0600029
0.0700744
0.107362
0.0813271
0.0877678
0.0901873
0.095364
0.0960043
0.083771
0.106496
0.105763
0.0818612
0.0588421
0.0305517
0.0908245
0.118035
0.0658265
0.0838756
0.0893155
0.120861
0.0784143
0.0164241
0.105382
0.0132443
0.0484295
0.0395661
0.0435549
0.0941548
0.092446
0.128089
0.10617
0.0961836
0.119157
-0.0283412
0.0663407
0.0228736
-0.0142675
0.013104
0.0260572
-0.0462619
-0.0176253
0.0632261
0.090085
0.099594
0.0318034
0.0723483
0.0826915
0.0649477
0.0653941
0.0886128
-0.00539735
-0.0300548
-0.00538319
0.0518124
0.0289156
0.0923645
0.0797744
0.0547773
0.0786245
0.0481936
0.0655634
0.116933
-0.0661376
0.118974
0.0984007
0.103021
0.0822231
0.0175147
0.0538592
-0.0483198
0.0978502
0.0556172
0.095145
-0.0399566
0.0799588
0.0159271
0.0862698
0.0458567
0.118116
0.0746685
0.0225361
0.0130332
0.115988
0.0768146
-0.101411
0.0376116
0.0651301
0.100123
0.00799975
0.110362
0.0547091
0.0469033
0.110252
-0.0288863
0.0504012
0.00789046
0.0954815
0.0926688
0.0959452
0.102207
0.0825646
0.0943605
0.0558532
0.107006
0.112603
0.100583
0.0277323
0.0872785
0.106574
0.0742619
0.0373654
0.115091
0.0538429
0.118548
0.0837751
0.058686
0.104279
0.0905779
0.024415
0.108189
0.115401
0.0414393
-0.0360951
0.0417364
0.0133855
0.0093487
0.0604689
0.0457453
0.0316894
0.117119
0.121104
-0.0747563
0.0803268
0.0494338
0.0665214
0.0597373
0.104892
-0.00671383
0.100454
0.041053
0.055366
-0.0388102
0.13043
0.0983694
0.0638116
0.125117

